0.1 2.504966887417219e-04 1.000000000000000e+01
0.2 2.762111067349350e-04 1.000000000000000e+01
0.3 5.229420544782368e-05 6.095889589924816e+00
0.4 5.425516665718691e-05 5.959936667495091e+00
0.5 5.573460969100114e-05 5.761574328966844e+00
0.6 6.028624603445163e-05 5.045178637151860e+00
0.7 7.749465114062471e-05 6.357510788840404e+00
0.8 8.051329723873085e-05 6.470745917879746e+00
0.9 8.220456270659291e-05 6.511224929115929e+00
1 8.358364541256846e-05 6.518529190851370e+00
1.1 8.523089785100053e-05 6.475013632779012e+00
1.2 9.332268943765429e-05 6.036533262080318e+00
1.3 1.020203295862520e-04 6.394262421984267e+00
1.4 1.048433828846305e-04 6.497673379218945e+00
1.5 1.064012057054116e-04 6.538765707994267e+00
1.6 1.075422807365652e-04 6.555572825865001e+00
1.7 1.085381239642033e-04 6.556168599665384e+00
1.8 1.095777184948708e-04 6.536466470335524e+00
1.9 1.111095092934300e-04 6.447312859520581e+00
2 1.201704619301303e-04 6.145311456683486e+00
2.1 1.268862278261763e-04 6.425998968223388e+00
2.2 1.294699913871708e-04 6.520028011032823e+00
2.3 1.309265765300705e-04 6.559584937682576e+00
2.4 1.319674520469682e-04 6.577880671678509e+00
2.5 1.328191722129409e-04 6.584190178795499e+00
2.6 1.335921439597963e-04 6.580870160315897e+00
2.7 1.343728670562808e-04 6.565910859683075e+00
2.8 1.352965282688182e-04 6.527654379644637e+00
2.9 1.368674625520712e-04 6.383513351730791e+00
3 1.465322779146475e-04 6.228702037820440e+00
3.1 1.519260542160051e-04 6.452390598684987e+00
3.2 1.542625698646051e-04 6.537098618534860e+00
3.3 1.556285029215947e-04 6.575280204147720e+00
3.4 1.566016201228762e-04 6.594023984080511e+00
3.5 1.573798217927388e-04 6.602222655048218e+00
3.6 1.580551356137623e-04 6.603145103177555e+00
3.7 1.586833338257887e-04 6.597548460421804e+00
3.8 1.593116454423432e-04 6.584149436195053e+00
3.9 1.600033065965668e-04 6.557907418097891e+00
4 1.609066093899124e-04 6.499674430144855e+00
4.1 1.628411692114569e-04 6.268019778976212e+00
4.2 1.726453741954386e-04 6.294648190723757e+00
4.3 1.770632479370002e-04 6.474737435406987e+00
4.4 1.791590338341254e-04 6.550150590502757e+00
4.5 1.804373268384346e-04 6.586697143817210e+00
4.6 1.813554712178520e-04 6.605659977517305e+00
4.7 1.820839920011806e-04 6.614919452641035e+00
4.8 1.827038896474368e-04 6.617807704611756e+00
4.9 1.832615166223096e-04 6.615679603641336e+00
5 1.837891079564357e-04 6.608721507431170e+00
5.1 1.843155755218813e-04 6.595999189573093e+00
5.2 1.848771047785302e-04 6.574675673712045e+00
5.3 1.855406615899971e-04 6.536717097915123e+00
5.4 1.865092493676667e-04 6.450516728443418e+00
5.5 1.919541897572081e-04 6.162446067302032e+00
5.6 1.986071545193773e-04 6.348535701301975e+00
5.7 2.022578358257498e-04 6.494075606041787e+00
5.8 2.041282216941105e-04 6.560627776882458e+00
5.9 2.053191744945274e-04 6.595111763457507e+00
6 2.061870482396137e-04 6.613970557345060e+00
6.1 2.068760717577692e-04 6.623910584122988e+00
6.2 2.074574156518221e-04 6.628022456443126e+00
6.3 2.079717884650131e-04 6.627779821020151e+00
6.4 2.084458613738642e-04 6.623772461787270e+00
6.5 2.089000695532179e-04 6.615950384511348e+00
6.6 2.093536141811545e-04 6.603573995864135e+00
6.7 2.098298430158243e-04 6.584777804825887e+00
6.8 2.103669294024649e-04 6.555113968554082e+00
6.9 2.110536350011776e-04 6.501821222691044e+00
7 2.123008397062928e-04 6.364833263379490e+00
7.1 2.194776153983602e-04 6.225580767434524e+00
7.2 2.244754335091294e-04 6.394308413379459e+00
7.3 2.274876927355739e-04 6.511160652000469e+00
7.4 2.291516320716741e-04 6.569499284235484e+00
7.5 2.302557554459881e-04 6.601583766278144e+00
7.6 2.310746865195847e-04 6.619981989383530e+00
7.7 2.317285076195891e-04 6.630271629053919e+00
7.8 2.322790361451911e-04 6.635196477909660e+00
7.9 2.327622544728507e-04 6.636177362892405e+00
8 2.332014523463309e-04 6.633918708049441e+00
8.1 2.336134520263624e-04 6.628658295355651e+00
8.2 2.340121294493594e-04 6.620238965561153e+00
8.3 2.344110588635962e-04 6.608039947092234e+00
8.4 2.348266078569278e-04 6.590698410089588e+00
8.5 2.352837890402483e-04 6.565320573366208e+00
8.6 2.358329318373152e-04 6.524957545570203e+00
8.7 2.366297450986806e-04 6.447189660578745e+00
8.8 2.400845210920296e-04 6.223881457472835e+00
8.9 2.461885088474728e-04 6.285031030379265e+00
9 2.502652358775212e-04 6.432854354023968e+00
9.1 2.527379563000443e-04 6.526426450955999e+00
9.2 2.542161913003920e-04 6.577340975060043e+00
9.3 2.552354006546362e-04 6.606845145137664e+00
9.4 2.560058012824520e-04 6.624485159556937e+00
9.5 2.566261441805029e-04 6.634830010365723e+00
9.6 2.571494996981744e-04 6.640256793457779e+00
9.7 2.576075068158540e-04 6.642067789090998e+00
9.8 2.580207590679092e-04 6.640974134164075e+00
9.9 2.584038476022525e-04 6.637315281695161e+00
10 2.587681381434026e-04 6.631150809864552e+00
10.1 2.591235841207798e-04 6.622272202394607e+00
10.2 2.594802875539154e-04 6.610135665808162e+00
10.3 2.598504767706315e-04 6.593666319791863e+00
10.4 2.602521916353768e-04 6.570765657175200e+00
10.5 2.607188630842172e-04 6.536935342948475e+00
10.6 2.613364746299433e-04 6.480319248782991e+00
10.7 2.626135092397052e-04 6.350678092760109e+00
10.8 2.681476017100111e-04 6.247263373299798e+00
10.9 2.725522366315551e-04 6.337869574152526e+00
11 2.759414958395478e-04 6.463597845779568e+00
11.1 2.779985935874047e-04 6.540155322823330e+00
11.2 2.793119308179886e-04 6.584479356545176e+00
11.3 2.802495944880796e-04 6.611357766582489e+00
11.4 2.809720087419798e-04 6.628025241009111e+00
11.5 2.815596337479582e-04 6.638185112911407e+00
11.6 2.820575684798868e-04 6.643863554679128e+00
11.7 2.824934203921357e-04 6.646221891103931e+00
11.8 2.828853967813385e-04 6.645932952076280e+00
11.9 2.832463701411047e-04 6.643363784825397e+00
12 2.835861319587771e-04 6.638663074283685e+00
12.1 2.839127970518165e-04 6.631793355692135e+00
12.2 2.842338464498323e-04 6.622520364381359e+00
12.3 2.845571436951527e-04 6.610351789972110e+00
12.4 2.848923230950015e-04 6.594388819518840e+00
12.5 2.852533885015637e-04 6.572983793189835e+00
12.6 2.856651332588327e-04 6.542869195814680e+00
12.7 2.861852079504730e-04 6.496437122769516e+00
12.8 2.870457767324674e-04 6.409189930800787e+00
12.9 2.906501413943732e-04 6.264476662742155e+00
13 2.951197473837146e-04 6.287244998403317e+00
13.1 2.987211780388600e-04 6.385213156668097e+00
13.2 3.015310491359071e-04 6.489412599886197e+00
13.3 3.032632729869563e-04 6.552583485378587e+00
13.4 3.044312053885387e-04 6.591107407823365e+00
13.5 3.052917111488070e-04 6.615405463376805e+00
13.6 3.059671227472859e-04 6.630959906504983e+00
13.7 3.065225476728558e-04 6.640749385215493e+00
13.8 3.069959802075126e-04 6.646479852943847e+00
13.9 3.074113213000065e-04 6.649168172653396e+00
14 3.077845997320318e-04 6.649429633020153e+00
14.1 3.081272159472822e-04 6.647625484822998e+00
14.2 3.084477760945948e-04 6.643939152924797e+00
14.3 3.087532249204477e-04 6.638411748629632e+00
14.4 3.090496352947304e-04 6.630949394059459e+00
14.5 3.093428712301779e-04 6.621303893563301e+00
14.6 3.096393130874535e-04 6.609017370587598e+00
14.7 3.099469204096680e-04 6.593302509801594e+00
14.8 3.102772520310344e-04 6.572783337167731e+00
14.9 3.106503287753396e-04 6.544877985502529e+00
15 3.111101950129296e-04 6.504046097953181e+00
15.1 3.118058210020138e-04 6.435061407313594e+00
15.2 3.140092052077016e-04 6.301662043284818e+00
15.3 3.181900633486749e-04 6.287488658030203e+00
15.4 3.216692793341683e-04 6.329312509258012e+00
15.5 3.247628824466529e-04 6.427756792254488e+00
15.6 3.270538280303206e-04 6.511385628462634e+00
15.7 3.285276987104013e-04 6.563885094679807e+00
15.8 3.295679503604740e-04 6.597330339963390e+00
15.9 3.303563305515767e-04 6.619153608240187e+00
16 3.309862151648073e-04 6.633515128630602e+00
16.1 3.315100342009048e-04 6.642797717122543e+00
16.2 3.319595700801799e-04 6.648424005691497e+00
16.3 3.323553650273630e-04 6.651272243001495e+00
16.4 3.327114515564496e-04 6.651892939144264e+00
16.5 3.330379130448766e-04 6.650625543226703e+00
16.6 3.333423677805301e-04 6.647662107658621e+00
16.7 3.336308927016197e-04 6.643080372688105e+00
16.8 3.339086524813105e-04 6.636856627755734e+00
16.9 3.341803888213920e-04 6.628861807484772e+00
17 3.344508843037565e-04 6.618838784471139e+00
17.1 3.347255271938798e-04 6.606351649156316e+00
17.2 3.350111941571267e-04 6.590683786254727e+00
17.3 3.353179629953925e-04 6.570627088361337e+00
17.4 3.356631944143050e-04 6.544003132437109e+00
17.5 3.360840666868763e-04 6.506390702109688e+00
17.6 3.366954584386498e-04 6.446814861984127e+00
17.7 3.382345681387617e-04 6.337589097565728e+00
17.8 3.417916748218417e-04 6.300498257207467e+00
17.9 3.450368594582352e-04 6.314664196459139e+00
18 3.479948452165120e-04 6.372316302284532e+00
18.1 3.506684336413286e-04 6.463266835924378e+00
18.2 3.525235168783705e-04 6.530299187031039e+00
18.3 3.537889438567877e-04 6.574190294646741e+00
18.4 3.547173310568193e-04 6.603200928847013e+00
18.5 3.554389367285676e-04 6.622691802483730e+00
18.6 3.560251954769201e-04 6.635827830571696e+00
18.7 3.565181973049343e-04 6.644508334318259e+00
18.8 3.569443801415149e-04 6.649910844005156e+00
18.9 3.573212879329325e-04 6.652785737209545e+00
19 3.576611358675870e-04 6.653617810930607e+00
19.1 3.579728120615804e-04 6.652717164284066e+00
19.2 3.582630690095374e-04 6.650271017742417e+00
19.3 3.585372764341182e-04 6.646372500537026e+00
19.4 3.587999321836034e-04 6.641034392894516e+00
19.5 3.590550454329047e-04 6.634191240394517e+00
19.6 3.593064704200183e-04 6.625690004435987e+00
19.7 3.595582629149610e-04 6.615265981143420e+00
19.8 3.598151585731572e-04 6.602495272533201e+00
19.9 3.600833644428087e-04 6.586703787196735e+00
20 3.603721305004410e-04 6.566784988731810e+00
20.1 3.606974972445227e-04 6.540799459355601e+00
20.2 3.610935650740258e-04 6.504960736045842e+00
20.3 3.616610445475732e-04 6.450522703704613e+00
20.4 3.629286366532775e-04 6.358391180647862e+00
20.5 3.658759008766022e-04 6.312728838674623e+00
20.6 3.688410202424712e-04 6.323437026849543e+00
20.7 3.715553633212727e-04 6.345611147440054e+00
20.8 3.741765419173251e-04 6.414454779399112e+00
20.9 3.764188025529201e-04 6.492206403575523e+00
21 3.779498599116526e-04 6.546724221691579e+00
21.1 3.790450285703190e-04 6.583597768154676e+00
21.2 3.798754974284994e-04 6.608741190308379e+00
21.3 3.805357455596335e-04 6.626061938714434e+00
21.4 3.810805977136432e-04 6.637975533460258e+00
21.5 3.815437868024272e-04 6.645992637715931e+00
21.6 3.819472126775457e-04 6.651082314224643e+00
21.7 3.823057796110011e-04 6.653880151550131e+00
21.8 3.826300650576614e-04 6.654807849332302e+00
21.9 3.829278716409713e-04 6.654143201054284e+00
22 3.832051762415293e-04 6.652061525981361e+00
22.1 3.834667408705168e-04 6.648659809811552e+00
22.2 3.837165298260789e-04 6.643969495821487e+00
22.3 3.839580181256137e-04 6.637960791040569e+00
22.4 3.841944477232257e-04 6.630539262291292e+00
22.5 3.844290784855913e-04 6.621533575779021e+00
22.6 3.846654885201958e-04 6.610670659163545e+00
22.7 3.849080128572115e-04 6.597529950045502e+00
22.8 3.851625061319970e-04 6.581458512728419e+00
22.9 3.854378936378768e-04 6.561404715714911e+00
23 3.857499008175291e-04 6.535561392127684e+00
23.1 3.861321959401541e-04 6.500496473132031e+00
23.2 3.866824872019801e-04 6.448739173391751e+00
23.3 3.878455291086224e-04 6.367654547574217e+00
23.4 3.903431560861731e-04 6.323864620947878e+00
23.5 3.930057591915259e-04 6.334952210545001e+00
23.6 3.954833967041965e-04 6.344477031859303e+00
23.7 3.978925933701829e-04 6.381563440760242e+00
23.8 4.002443591831312e-04 6.453620347511088e+00
23.9 4.020570558481637e-04 6.516396445289429e+00
24 4.033400274404516e-04 6.561084471203176e+00
24.1 4.042946429686203e-04 6.592183864511217e+00
24.2 4.050393973383506e-04 6.613955911051105e+00
24.3 4.056435893407419e-04 6.629276748519549e+00
24.4 4.061494605011932e-04 6.639996789653951e+00
24.5 4.065840329667580e-04 6.647316320913263e+00
24.6 4.069653936640007e-04 6.652029375171575e+00
24.7 4.073061508849753e-04 6.654670553978104e+00
24.8 4.076154220852247e-04 6.655603051210952e+00
24.9 4.079000292194366e-04 6.655072068087045e+00
25 4.081652494957640e-04 6.653237505558729e+00
25.1 4.084153083410407e-04 6.650193738163800e+00
25.2 4.086537198968677e-04 6.645980790587929e+00
25.3 4.088835382210974e-04 6.640589160972878e+00
25.4 4.091075609574213e-04 6.633959140375391e+00
25.5 4.093285183185996e-04 6.625974292913569e+00
25.6 4.095492814570750e-04 6.616447362604989e+00
25.7 4.097731387588641e-04 6.605094658104571e+00
25.8 4.100042292119886e-04 6.591490722212077e+00
25.9 4.102483286268329e-04 6.574985877921836e+00
26 4.105144884131678e-04 6.554547008959251e+00
26.1 4.108190329188945e-04 6.528422265724304e+00
26.2 4.111975531922033e-04 6.493356029508014e+00
26.3 4.117532596908906e-04 6.442705445338008e+00
26.4 4.128973908872186e-04 6.369883260563742e+00
26.5 4.150843512649056e-04 6.333508956644129e+00
26.6 4.174590616478847e-04 6.344643676535217e+00
26.7 4.197244278043477e-04 6.354301744556297e+00
26.8 4.219041733486876e-04 6.369558232634310e+00
26.9 4.241093951541902e-04 6.420192865050323e+00
27 4.261340083143807e-04 6.485724551103576e+00
27.1 4.276105593309135e-04 6.536817914398206e+00
27.2 4.286994558704434e-04 6.573700199267279e+00
27.3 4.295369590627495e-04 6.600009262243444e+00
27.4 4.302066277297046e-04 6.618841099832943e+00
27.5 4.307598281532687e-04 6.632332033023140e+00
27.6 4.312292502144810e-04 6.641905241557989e+00
27.7 4.316365509221532e-04 6.648514233010324e+00
27.8 4.319966399490906e-04 6.652807523982990e+00
27.9 4.323201488961341e-04 6.655232229370112e+00
28 4.326149069109908e-04 6.656098609071623e+00
28.1 4.328868565835649e-04 6.655620559709337e+00
28.2 4.331406443148676e-04 6.653941148614425e+00
28.3 4.333800160089362e-04 6.651148543298899e+00
28.4 4.336080942796595e-04 6.647285428231195e+00
28.5 4.338275839445027e-04 6.642353602679774e+00
28.6 4.340409369391331e-04 6.636314506752131e+00
28.7 4.342505005253493e-04 6.629085649242692e+00
28.8 4.344586718513142e-04 6.620532073570867e+00
28.9 4.346680885458020e-04 6.610450797553026e+00
29 4.348819045329896e-04 6.598544064470847e+00
29.1 4.351042486618711e-04 6.584373084359908e+00
29.2 4.353410883273244e-04 6.567274891528616e+00
29.3 4.356020762950856e-04 6.546203484409611e+00
29.4 4.359051438548344e-04 6.519401762705472e+00
29.5 4.362904374951050e-04 6.483677535693159e+00
29.6 4.368749392395925e-04 6.433149005570453e+00
29.7 4.380498516739205e-04 6.368353236389050e+00
29.8 4.400135493319513e-04 6.341682861104960e+00
29.9 4.421367371107897e-04 6.353169352086422e+00
30 4.442070064215050e-04 6.365429481128894e+00
30.1 4.461918416556425e-04 6.372274110421663e+00
30.2 4.481972318839583e-04 6.401012835346369e+00
30.3 4.502249228688291e-04 6.458201816568975e+00
30.4 4.518745374294765e-04 6.512471921057526e+00
30.5 4.530980548555020e-04 6.554202792059825e+00
30.6 4.540323802710005e-04 6.584818103495993e+00
30.7 4.547714989910680e-04 6.607123736709598e+00
30.8 4.553753131457661e-04 6.623389166708826e+00
30.9 4.558822755074851e-04 6.635214624442307e+00
31 4.563178045767675e-04 6.643699236196637e+00
31.1 4.566992796659175e-04 6.649600823311360e+00
31.2 4.570389796292967e-04 6.653447817567156e+00
31.3 4.573458485922405e-04 6.655612440888893e+00
31.4 4.576265892149950e-04 6.656357923176697e+00
31.5 4.578863618069576e-04 6.655869036306282e+00
31.6 4.581292463725576e-04 6.654271875224678e+00
31.7 4.583585587281521e-04 6.651646528199928e+00
31.8 4.585770754614382e-04 6.648034820623889e+00
31.9 4.587872022013825e-04 6.643444379905450e+00
32 4.589911084671033e-04 6.637849621885133e+00
32.1 4.591908468112430e-04 6.631189737255913e+00
32.2 4.593884726857587e-04 6.623363220699335e+00
32.3 4.595861847306831e-04 6.614217772474649e+00
32.4 4.597865156082959e-04 6.603533246350209e+00
32.5 4.599926285192767e-04 6.590993190702972e+00
32.6 4.602088344641901e-04 6.576136257207078e+00
32.7 4.604415998197612e-04 6.558269533877926e+00
32.8 4.607017602694394e-04 6.536304809758968e+00
32.9 4.610101563477667e-04 6.508431093259222e+00
33 4.614149371941746e-04 6.471477340079460e+00
33.1 4.620552506516620e-04 6.420770467700645e+00
33.2 4.632828180843201e-04 6.365636556688671e+00
33.3 4.650720930863878e-04 6.348898921766735e+00
33.4 4.669842424091928e-04 6.361244827669015e+00
33.5 4.688777038218043e-04 6.375489976824628e+00
33.6 4.707012968770409e-04 6.381371850968633e+00
33.7 4.725167827182609e-04 6.395337282607590e+00
33.8 4.744005759453994e-04 6.436699762925013e+00
33.9 4.761599493815320e-04 6.490138298770496e+00
34 4.775040351485600e-04 6.534851616457511e+00
34.1 4.785328450806172e-04 6.569100690090014e+00
34.2 4.793421807412460e-04 6.594631863047543e+00
34.3 4.799980401025620e-04 6.613569467505220e+00
34.4 4.805440055805061e-04 6.627591963563319e+00
34.5 4.810091332427249e-04 6.637907441935942e+00
34.6 4.814132864903111e-04 6.645368315342990e+00
34.7 4.817704386607864e-04 6.650577445166168e+00
34.8 4.820907005030827e-04 6.653964708217499e+00
34.9 4.823815853906608e-04 6.655838805180734e+00
35 4.826488187000239e-04 6.656421757668932e+00
35.1 4.828968700834091e-04 6.655871841219814e+00
35.2 4.831293137786243e-04 6.654298808201727e+00
35.3 4.833490801774052e-04 6.651773862488168e+00
35.4 4.835586378294302e-04 6.648335913459547e+00
35.5 4.837601311760111e-04 6.643995011596474e+00
35.6 4.839554914052332e-04 6.638733424250455e+00
35.7 4.841465337301955e-04 6.632504450865867e+00
35.8 4.843350531894155e-04 6.625228718170490e+00
35.9 4.845229328338212e-04 6.616787242510757e+00
36 4.847122842715719e-04 6.607009853834776e+00
36.1 4.849056548785629e-04 6.595656376184501e+00
36.2 4.851063685652658e-04 6.582385702130042e+00
36.3 4.853191448699944e-04 6.566703379653002e+00
36.4 4.855513444737911e-04 6.547868874884035e+00
36.5 4.858157855352903e-04 6.524724021405467e+00
36.6 4.861380864685408e-04 6.495374061770256e+00
36.7 4.865791741402214e-04 6.456766449055276e+00
36.8 4.873051517440017e-04 6.406752176686798e+00
36.9 4.885779936939942e-04 6.363627736096011e+00
37 4.902217995106063e-04 6.355764121185590e+00
37.1 4.919593163665800e-04 6.369252028209821e+00
37.2 4.936964706980328e-04 6.384658404658035e+00
37.3 4.953813796126058e-04 6.391905622454146e+00
37.4 4.970382178786250e-04 6.398632984102327e+00
37.5 4.987567665027661e-04 6.425081196437551e+00
37.6 5.005013444747122e-04 6.471915893145198e+00
37.7 5.019358888039392e-04 6.516969026802953e+00
37.8 5.030485941289582e-04 6.553684349187402e+00
37.9 5.039246688414401e-04 6.581929584876783e+00
38 5.046316128119160e-04 6.603296331492767e+00
38.1 5.052165450876630e-04 6.619383251288117e+00
38.2 5.057116017543817e-04 6.631442429900633e+00
38.3 5.061389337971854e-04 6.640392575812381e+00
38.4 5.065141436768088e-04 6.646897505617570e+00
38.5 5.068484936625603e-04 6.651437411156090e+00
38.6 5.071503137225587e-04 6.654361602041842e+00
38.7 5.074259107077158e-04 6.655925286956775e+00
38.8 5.076801677401237e-04 6.656314766956116e+00
38.9 5.079169488708612e-04 6.655664607622886e+00
39 5.081393793444394e-04 6.654069289453810e+00
39.1 5.083500452119834e-04 6.651590992009631e+00
39.2 5.085511402156586e-04 6.648264570822827e+00
39.3 5.087445784461219e-04 6.644100369878256e+00
39.4 5.089320857674854e-04 6.639085207699084e+00
39.5 5.091152800724497e-04 6.633181624364668e+00
39.6 5.092957494835853e-04 6.626325228703170e+00
39.7 5.094751386850183e-04 6.618419681395109e+00
39.8 5.096552574617552e-04 6.609328406206732e+00
39.9 5.098382344848342e-04 6.598861390418856e+00
40 5.100267589229512e-04 6.586754132064179e+00
40.1 5.102244965358470e-04 6.572633339101667e+00
40.2 5.104368735099807e-04 6.555959215763266e+00
40.3 5.106727043360925e-04 6.535925032663389e+00
40.4 5.109479796150984e-04 6.511280902145755e+00
40.5 5.112959055682931e-04 6.480069106043556e+00
40.6 5.117961462458937e-04 6.439789998887582e+00
40.7 5.126308611414214e-04 6.393152277514735e+00
40.8 5.139182881984875e-04 6.363387787745321e+00
40.9 5.154378912475542e-04 6.362761551838457e+00
41 5.170309314108884e-04 6.377411539773039e+00
41.1 5.186320643177394e-04 6.393419364218783e+00
41.2 5.201947331256201e-04 6.402196248835967e+00
41.3 5.217216374778708e-04 6.406399738083103e+00
41.4 5.232876583756613e-04 6.422115633556704e+00
41.5 5.249309043835617e-04 6.459138357440682e+00
41.6 5.264147515926165e-04 6.501833689689684e+00
41.7 5.275921748626386e-04 6.539442223012244e+00
41.8 5.285266112591465e-04 6.569618789693189e+00
41.9 5.292808502882969e-04 6.593012082316676e+00
42 5.299029640453270e-04 6.610937406630116e+00
42.1 5.304271098080172e-04 6.624597925717383e+00
42.2 5.308772749593575e-04 6.634935345931025e+00
42.3 5.312704891450552e-04 6.642653050094445e+00
42.4 5.316190723686563e-04 6.648270068025445e+00
42.5 5.319321277742818e-04 6.652169435344840e+00
42.6 5.322165259364594e-04 6.654634774598845e+00
42.7 5.324775605317527e-04 6.655876493153547e+00
42.8 5.327193927515730e-04 6.656050186775040e+00
42.9 5.329453588019625e-04 6.655269468688351e+00
43 5.331581875776507e-04 6.653614843408916e+00
43.1 5.333601587392469e-04 6.651139733971711e+00
43.2 5.335532210517162e-04 6.647874391041668e+00
43.3 5.337390844911436e-04 6.643828135685345e+00
43.4 5.339192958309591e-04 6.638990177688004e+00
43.5 5.340953053660998e-04 6.633329074480083e+00
43.6 5.342685317631267e-04 6.626790719929889e+00
43.7 5.344404327673939e-04 6.619294540785567e+00
43.8 5.346125921825601e-04 6.610727279212521e+00
43.9 5.347868395736632e-04 6.600933265607521e+00
44 5.349654318594156e-04 6.589699278035019e+00
44.1 5.351513533368514e-04 6.576730643359722e+00
44.2 5.353488530672038e-04 6.561612605880622e+00
44.3 5.355644920280327e-04 6.543746329589174e+00
44.4 5.358093855576210e-04 6.522242422334347e+00
44.5 5.361045421748161e-04 6.495761186841039e+00
44.6 5.364948297349090e-04 6.462449489583895e+00
44.7 5.370823244654491e-04 6.421514842526340e+00
44.8 5.380237189598511e-04 6.382427202740556e+00
44.9 5.392905402637954e-04 6.365263522522937e+00
45 5.407041037820240e-04 6.370208285525669e+00
45.1 5.421767986435403e-04 6.385866916356983e+00
45.2 5.436602282094461e-04 6.402116325621441e+00
45.3 5.451143631757476e-04 6.411999925619287e+00
45.4 5.465320869326456e-04 6.415833086573191e+00
45.5 5.479680298671307e-04 6.425038193286163e+00
45.6 5.494808759916011e-04 6.451866755185350e+00
45.7 5.509605856684604e-04 6.490404279484249e+00
45.8 5.521769735886754e-04 6.527182385733992e+00
45.9 5.531566459931312e-04 6.558295339531308e+00
46 5.539514089850391e-04 6.583160682238588e+00
46.1 5.546070280506727e-04 6.602600897419563e+00
46.2 5.551581628324113e-04 6.617658955369904e+00
46.3 5.556299240691734e-04 6.629243249270534e+00
46.4 5.560404191871921e-04 6.638067534510429e+00
46.5 5.564028460438530e-04 6.644673717237107e+00
46.6 5.567269844437830e-04 6.649469181065998e+00
46.7 5.570202158694894e-04 6.652759922803856e+00
46.8 5.572882164307539e-04 6.654776096119203e+00
46.9 5.575354316654778e-04 6.655690737179045e+00
47 5.577654067007054e-04 6.655633217936389e+00
47.1 5.579810200280680e-04 6.654698813285285e+00
47.2 5.581846524757630e-04 6.652955430852006e+00
47.3 5.583783122702625e-04 6.650448243101734e+00
47.4 5.585637303005515e-04 6.647202719163198e+00
47.5 5.587424354410390e-04 6.643226369592274e+00
47.6 5.589158172015849e-04 6.638509372143934e+00
47.7 5.590851815700194e-04 6.633024120603056e+00
47.8 5.592518054847606e-04 6.626723611563275e+00
47.9 5.594169959675980e-04 6.619538431867378e+00
48 5.595821619353433e-04 6.611371898615943e+00
48.1 5.597489110501750e-04 6.602092580103035e+00
48.2 5.599191928323330e-04 6.591522896103689e+00
48.3 5.600955276276855e-04 6.579421594299953e+00
48.4 5.602814009184604e-04 6.565456349774751e+00
48.5 5.604819948576016e-04 6.549160197962479e+00
48.6 5.607056593584831e-04 6.529862417654885e+00
48.7 5.609671427499230e-04 6.506588197315532e+00
48.8 5.612952912928670e-04 6.477988412376659e+00
48.9 5.617511970011296e-04 6.442864445468535e+00
49 5.624489532831167e-04 6.404157411838023e+00
49.1 5.634625466790033e-04 6.376083544651502e+00
49.2 5.646863117470351e-04 6.369199707635128e+00
49.3 5.660095762488259e-04 6.378283972705626e+00
49.4 5.673809372587401e-04 6.394710535085469e+00
49.5 5.687623435518077e-04 6.410947436430262e+00
49.6 5.701199203382642e-04 6.421463581815222e+00
49.7 5.714431851456784e-04 6.425650131259063e+00
49.8 5.727704540300231e-04 6.431367218565757e+00
49.9 5.741626304669490e-04 6.450297898427932e+00
50 5.755880995236994e-04 6.483102029467471e+00
50.1 5.768152206017903e-04 6.517518094507469e+00
50.2 5.778234459003418e-04 6.548487207244472e+00
50.3 5.786492667066363e-04 6.574158736471742e+00
50.4 5.793328723601489e-04 6.594704424856862e+00
50.5 5.799076325585460e-04 6.610896764351409e+00
50.6 5.803988557327340e-04 6.623547729216996e+00
50.7 5.808252421060274e-04 6.633346422774005e+00
50.8 5.812006036065324e-04 6.640837742242340e+00
50.9 5.815352472515116e-04 6.646441599705192e+00
51 5.818369778288881e-04 6.650478897776265e+00
51.1 5.821118015706989e-04 6.653194442020034e+00
51.2 5.823644174666975e-04 6.654774894434494e+00
51.3 5.825985626695172e-04 6.655362206689263e+00
51.4 5.828172584316994e-04 6.655063463986863e+00
51.5 5.830229880612849e-04 6.653958008470558e+00
51.6 5.832178281411190e-04 6.652102521428449e+00
51.7 5.834035474731024e-04 6.649534556050523e+00
51.8 5.835816837849824e-04 6.646274857690184e+00
51.9 5.837536054009519e-04 6.642328685521218e+00
52 5.839205633344336e-04 6.637686248435398e+00
52.1 5.840837383297228e-04 6.632322277169482e+00
52.2 5.842442871465870e-04 6.626194660931720e+00
52.3 5.844033929063137e-04 6.619241964269344e+00
52.4 5.845623258875534e-04 6.611379486175102e+00
52.5 5.847225244678131e-04 6.602493293479071e+00
52.6 5.848857124656651e-04 6.592431296828035e+00
52.7 5.850540822943619e-04 6.580989845655347e+00
52.8 5.852306007979646e-04 6.567893359745858e+00
52.9 5.854195551735722e-04 6.552763080496289e+00
53 5.856275983152278e-04 6.535069616161847e+00
53.1 5.858659052884540e-04 6.514067115888087e+00
53.2 5.861549386563817e-04 6.488742833527479e+00
53.3 5.865350722435103e-04 6.458043734189537e+00
53.4 5.870832886247358e-04 6.422702549884633e+00
53.5 5.878883236225969e-04 6.390625498927633e+00
53.6 5.889277050509491e-04 6.374192022398997e+00
53.7 5.901007649713669e-04 6.374991069754017e+00
53.8 5.913468777735896e-04 6.387070898553022e+00
53.9 5.926317635832850e-04 6.403992667151590e+00
54 5.939241665177239e-04 6.420014328100998e+00
54.1 5.951956242442284e-04 6.430766823174145e+00
54.2 5.964354863289287e-04 6.435401903257831e+00
54.3 5.976710829199846e-04 6.439418565351053e+00
54.4 5.989574273838065e-04 6.452808460033115e+00
54.5 6.003042573882304e-04 6.479774819726374e+00
54.6 6.015160358001049e-04 6.510769029866047e+00
54.7 6.025346186558115e-04 6.540590575142915e+00
54.8 6.033801039723212e-04 6.566360520064585e+00
54.9 6.040846227923154e-04 6.587544415576433e+00
55 6.046784979130215e-04 6.604559456797208e+00
55.1 6.051862074398116e-04 6.618061132374599e+00
55.2 6.056264637798273e-04 6.628676904167992e+00
55.3 6.060133604759391e-04 6.636932386331124e+00
55.4 6.063575357107736e-04 6.643246351479426e+00
55.5 6.066670982924259e-04 6.647945893535078e+00
55.6 6.069483101031145e-04 6.651284619006853e+00
55.7 6.072060764464911e-04 6.653458624850336e+00
55.8 6.074442969044427e-04 6.654619195918760e+00
55.9 6.076661178650033e-04 6.654882475840839e+00
56 6.078741163236342e-04 6.654336676706025e+00
56.1 6.080704356278571e-04 6.653047374254200e+00
56.2 6.082568875135032e-04 6.651061328431732e+00
56.3 6.084350304691623e-04 6.648409154907930e+00
56.4 6.086062315852076e-04 6.645107073694737e+00
56.5 6.087717171662482e-04 6.641157878214282e+00
56.6 6.089326162295322e-04 6.636551197128091e+00
56.7 6.090900004177265e-04 6.631263054841611e+00
56.8 6.092449237716704e-04 6.625254666240176e+00
56.9 6.093984663039123e-04 6.618470315986386e+00
57 6.095517866217033e-04 6.610834057272013e+00
57.1 6.097061914987605e-04 6.602244796012057e+00
57.2 6.098632354081349e-04 6.592569067871473e+00
57.3 6.100248729942671e-04 6.581630413147785e+00
57.4 6.101937075752426e-04 6.569193643762339e+00
57.5 6.103734213034385e-04 6.554941482618107e+00
57.6 6.105695673092299e-04 6.538440555117329e+00
57.7 6.107911244189545e-04 6.519096741644724e+00
57.8 6.110537272931156e-04 6.496123123375190e+00
57.9 6.113864448440128e-04 6.468668255333000e+00
58 6.118431370076109e-04 6.436787456755177e+00
58.1 6.124987148752000e-04 6.404765709108479e+00
58.2 6.133759649992990e-04 6.382644663654566e+00
58.3 6.144080927438754e-04 6.376084874772980e+00
58.4 6.155312087968139e-04 6.382405704523848e+00
58.5 6.167107422654735e-04 6.396585607211666e+00
58.6 6.179207107223438e-04 6.413727403508725e+00
58.7 6.191347386211265e-04 6.429357438569276e+00
58.8 6.203290547780446e-04 6.440037189857817e+00
58.9 6.214943244881701e-04 6.444988396063302e+00
59 6.226510968164840e-04 6.448237052791026e+00
59.1 6.238465241082785e-04 6.457980212396629e+00
59.2 6.251083416493839e-04 6.479850798512512e+00
59.3 6.262841954159190e-04 6.506936691710416e+00
59.4 6.272957263491038e-04 6.534824803950731e+00
59.5 6.281486780842768e-04 6.560025803394467e+00
59.6 6.288659972751312e-04 6.581363353081563e+00
59.7 6.294735759279994e-04 6.598860622630596e+00
59.8 6.299940829284482e-04 6.612970598242530e+00
59.9 6.304456315722155e-04 6.624225277006092e+00
60 6.308422244725235e-04 6.633108673066392e+00
