0.1 8.871249996359091e-05 6.219637311064906e+00
0.2 1.337425882918483e-04 6.866379570448855e+00
0.3 1.594607995988166e-04 6.872228172377024e+00
0.4 1.838651928215670e-04 6.925963308404701e+00
0.5 2.069061722578307e-04 6.983901901254089e+00
0.6 2.125909198737059e-04 6.571322013448505e+00
0.7 2.355691749122746e-04 6.869698158144725e+00
0.8 2.576203174829420e-04 7.011798086076140e+00
0.9 2.619811668152016e-04 6.716731241822438e+00
1 2.841692575057783e-04 6.984340006938066e+00
1.1 2.876507664651102e-04 6.622414150598461e+00
1.2 3.095423960143144e-04 6.977497045954451e+00
1.3 3.126924310020619e-04 6.631031629480360e+00
1.4 3.343191808014539e-04 6.998343388403581e+00
1.5 3.371358253688000e-04 6.728655574085586e+00
1.6 3.584964687646131e-04 7.036583858424185e+00
1.7 3.613373571904060e-04 6.849772818693978e+00
1.8 3.811595390013968e-04 7.057207038886562e+00
1.9 3.853001472291170e-04 6.955245460989937e+00
2 3.878638708750563e-04 6.643600674376698e+00
2.1 4.087800942767359e-04 7.041473617586652e+00
2.2 4.111747404020483e-04 6.881764176982763e+00
2.3 4.278310633571196e-04 6.987833695451529e+00
2.4 4.345767610573586e-04 7.013527382644689e+00
2.5 4.366089331256609e-04 6.835027249810450e+00
2.6 4.554662815243126e-04 7.062554934382487e+00
2.7 4.598149799451339e-04 7.005322925557539e+00
2.8 4.616865644500871e-04 6.829839003791160e+00
2.9 4.802793972186848e-04 7.063571495188768e+00
3 4.846864899079994e-04 7.017361817421961e+00
3.1 4.864638619136585e-04 6.863326195158803e+00
3.2 5.021530901916212e-04 6.980540821967187e+00
3.3 5.091980175860747e-04 7.045161083972742e+00
3.4 5.110132937425632e-04 6.918772241152391e+00
3.5 5.133701483211700e-04 6.636553505537260e+00
3.6 5.331203409579636e-04 7.079822044335423e+00
3.7 5.353579191266224e-04 6.981489490322555e+00
3.8 5.369031642364077e-04 6.813243007373639e+00
3.9 5.548413417908297e-04 7.065994775819860e+00
4 5.593614058515881e-04 7.045170211381325e+00
4.1 5.609779591516756e-04 6.929883064045580e+00
4.2 5.627395964563848e-04 6.706614395019495e+00
4.3 5.822099413815854e-04 7.094423341868003e+00
4.4 5.848814192769759e-04 7.020911740025195e+00
4.5 5.863024046854636e-04 6.897699598712832e+00
4.6 5.889873786849561e-04 6.621829877878634e+00
4.7 6.078210744708456e-04 7.092818745089153e+00
4.8 6.100543699254387e-04 7.013029022749137e+00
4.9 6.113871651181863e-04 6.890727258311569e+00
5 6.143143886083197e-04 6.617047352130638e+00
5.1 6.327368992622480e-04 7.096241417134472e+00
5.2 6.349694750178231e-04 7.021285169811326e+00
5.3 6.362608373950865e-04 6.908418691981667e+00
5.4 6.380810634889636e-04 6.687256456328775e+00
5.5 6.569595491263291e-04 7.102448104167743e+00
5.6 6.596339291695464e-04 7.043176502998973e+00
5.7 6.609553603581560e-04 6.944083352760526e+00
5.8 6.622622701197602e-04 6.781443673053220e+00
5.9 6.794918445187738e-04 7.072225924932328e+00
6 6.839565217803925e-04 7.074521148007596e+00
6.1 6.854764956221470e-04 6.990105586586825e+00
6.2 6.866209455661503e-04 6.869686189536158e+00
6.3 6.909796235923454e-04 6.624744985589013e+00
6.4 7.075279908225018e-04 7.104608304559597e+00
6.5 7.097505000193416e-04 7.041455146935136e+00
6.6 7.109596929137192e-04 6.948472484587862e+00
6.7 7.121368913947726e-04 6.803774340248427e+00
6.8 7.271789050611869e-04 7.012006853265761e+00
6.9 7.334606273633430e-04 7.092796443259142e+00
7 7.351322467830428e-04 7.020165227252685e+00
7.1 7.362235072163558e-04 6.922428912524072e+00
7.2 7.375164573537393e-04 6.759154085147559e+00
7.3 7.544929817387831e-04 7.079017497884059e+00
7.4 7.587777511027518e-04 7.086259018818403e+00
7.5 7.602677834565905e-04 7.012689451651211e+00
7.6 7.613045896578336e-04 6.915234433920718e+00
7.7 7.626152303716568e-04 6.751045181863233e+00
7.8 7.795098725293984e-04 7.081157913128616e+00
7.9 7.837270015657926e-04 7.089494253876902e+00
8 7.852081237419364e-04 7.018875856388954e+00
8.1 7.862205924141654e-04 6.926843285039248e+00
8.2 7.873803119973288e-04 6.780768063156747e+00
8.3 8.026049926001325e-04 7.032488431460292e+00
8.4 8.083166516453716e-04 7.101345939976079e+00
8.5 8.099599143849303e-04 7.037084592920309e+00
8.6 8.109894276372366e-04 6.953630844347275e+00
8.7 8.119854986507482e-04 6.833146142106965e+00
8.8 8.197732492621344e-04 6.746619920792092e+00
8.9 8.323275303349826e-04 7.114945702389416e+00
9 8.344793469446185e-04 7.064735752646657e+00
9.1 8.356141706518018e-04 6.990787699330939e+00
9.2 8.365321053785182e-04 6.893553718254444e+00
9.3 8.379852157330178e-04 6.724516390421192e+00
9.4 8.546683888719110e-04 7.090338249455058e+00
9.5 8.586047273257666e-04 7.097834610951804e+00
9.6 8.600543478776096e-04 7.034495957525442e+00
9.7 8.610116017649939e-04 6.954849249376522e+00
9.8 8.619412227021390e-04 6.842892672330366e+00
9.9 8.668769976353870e-04 6.669940932664054e+00
10 8.816679116515279e-04 7.118470627157499e+00
10.1 8.841542829145819e-04 7.081760119029976e+00
10.2 8.853524829731255e-04 7.015237090122550e+00
10.3 8.862363761466698e-04 6.932149136641127e+00
10.4 8.872194365504954e-04 6.809476735342340e+00
10.5 8.968680912684931e-04 6.834811520114328e+00
10.6 9.072879130636614e-04 7.119973436719974e+00
10.7 9.093630573564479e-04 7.074707724588714e+00
10.8 9.104644809545832e-04 7.008087361886232e+00
10.9 9.113129641270336e-04 6.924964100676711e+00
11 9.123049191951643e-04 6.801157020245800e+00
11.1 9.225404116698324e-04 6.863653783669688e+00
11.2 9.322864485194629e-04 7.121505967157459e+00
11.3 9.343312442238469e-04 7.077544566842121e+00
11.4 9.354217704469588e-04 7.012953311915624e+00
11.5 9.362526772778476e-04 6.933421570158226e+00
11.6 9.371733966435196e-04 6.819022719447758e+00
11.7 9.443216286203013e-04 6.747998579019507e+00
11.8 9.567103096965868e-04 7.123294128144854e+00
11.9 9.590655890083955e-04 7.089459420231160e+00
12 9.602298545470790e-04 7.028664953787144e+00
12.1 9.610673804456122e-04 6.955213722066277e+00
12.2 9.618938599902229e-04 6.855994232971788e+00
12.3 9.642412171089092e-04 6.677278910871505e+00
12.4 9.801020375305007e-04 7.107223496624887e+00
12.5 9.834881993791449e-04 7.108135705528615e+00
12.6 9.848670765634721e-04 7.053389527672964e+00
12.7 9.857613047817130e-04 6.986903557759967e+00
12.8 9.865325619490225e-04 6.903151794565522e+00
12.9 9.876016696834509e-04 6.774595252687392e+00
13 9.994918187964197e-04 6.946049694902001e+00
13.1 1.007312585385171e-03 7.125730108446458e+00
13.2 1.009255093136866e-03 7.084869361032180e+00
13.3 1.010311976525785e-03 7.025453467757250e+00
13.4 1.011099728602924e-03 6.954548816423139e+00
13.5 1.011885587412139e-03 6.860182516271253e+00
13.6 1.013805188042296e-03 6.696347988541202e+00
13.7 1.029176413817437e-03 7.091282156922929e+00
13.8 1.033144687028418e-03 7.117990888899972e+00
13.9 1.034635395831933e-03 7.068694814894126e+00
14 1.035555742687531e-03 7.007605953013757e+00
14.1 1.036297920078340e-03 6.933868774964797e+00
14.2 1.037124815334201e-03 6.831868479097137e+00
14.3 1.041040576132647e-03 6.679861881550664e+00
14.4 1.055408369023616e-03 7.116628699473139e+00
14.5 1.058463912734880e-03 7.112725294243612e+00
14.6 1.059789397129795e-03 7.061722128998316e+00
14.7 1.060651912427679e-03 7.000654718426482e+00
14.8 1.061370960236079e-03 6.926682094868334e+00
14.9 1.062208252700575e-03 6.823451031425604e+00
15 1.066829757726978e-03 6.694826787758769e+00
15.1 1.080513931556043e-03 7.119545959695373e+00
15.2 1.083462514984462e-03 7.114040869486830e+00
15.3 1.084768643395856e-03 7.064112445787777e+00
15.4 1.085620854815304e-03 7.004582387330424e+00
15.5 1.086325780240446e-03 6.933219875193198e+00
15.6 1.087116959996611e-03 6.835944978069709e+00
15.7 1.090201374900024e-03 6.680791267071512e+00
15.8 1.104683894809398e-03 7.106471402661756e+00
15.9 1.108159717743810e-03 7.121599813604667e+00
16 1.109579230351160e-03 7.075257885778742e+00
16.1 1.110467579944645e-03 7.018499203605536e+00
16.2 1.111171514744275e-03 6.951842866526467e+00
16.3 1.111892099440719e-03 6.865117483034686e+00
16.4 1.113400556937881e-03 6.724559959424907e+00
16.5 1.127034297759386e-03 7.038998409509752e+00
16.6 1.132438409682893e-03 7.131576506673740e+00
16.7 1.134186394043020e-03 7.093915208258071e+00
16.8 1.135181255551821e-03 7.040950004930121e+00
16.9 1.135913922687239e-03 6.979878724368366e+00
17 1.136584483513258e-03 6.904738964732516e+00
17.1 1.137492986834930e-03 6.796788074033771e+00
17.2 1.144336922607780e-03 6.769588596010024e+00
17.3 1.155834299127841e-03 7.127522560456123e+00
17.4 1.158476193676723e-03 7.117418990418548e+00
17.5 1.159720561309807e-03 7.070299285102923e+00
17.6 1.160541863065089e-03 7.014770478886685e+00
17.7 1.161210477947397e-03 6.949889081759529e+00
17.8 1.161904952509940e-03 6.866193578681748e+00
17.9 1.163303936061191e-03 6.734195027367038e+00
18 1.175849381371784e-03 7.005026057925192e+00
18.1 1.182078905290580e-03 7.135454657002702e+00
18.2 1.183968655762438e-03 7.104306109018053e+00
18.3 1.185007635129846e-03 7.054684186526539e+00
18.4 1.185748226614223e-03 6.997901151808847e+00
18.5 1.186390176425062e-03 6.930480919002546e+00
18.6 1.187126300529004e-03 6.840625755710656e+00
18.7 1.189393808045646e-03 6.697758696718672e+00
18.8 1.203119755206577e-03 7.074214499343304e+00
18.9 1.207550015843987e-03 7.134344199834769e+00
19 1.209175646559610e-03 7.097844171450240e+00
19.1 1.210129499163714e-03 7.047861438535604e+00
19.2 1.210833385476168e-03 6.991047266425914e+00
19.3 1.211460923794463e-03 6.923241193520175e+00
19.4 1.212211525233048e-03 6.832081784282002e+00
19.5 1.214905059803865e-03 6.694145966115766e+00
19.6 1.228433005489763e-03 7.083703850267830e+00
19.7 1.232591645286433e-03 7.135137548758633e+00
19.8 1.234176529284354e-03 7.098941708835950e+00
19.9 1.235116191368549e-03 7.049843271731863e+00
20 1.235810795091677e-03 6.994260398173934e+00
20.1 1.236426245019049e-03 6.928475443883672e+00
20.2 1.237141635656592e-03 6.841546730508330e+00
20.3 1.239208856117012e-03 6.705882112309228e+00
20.4 1.252309565629394e-03 7.053844717042075e+00
20.5 1.257248436087732e-03 7.138408085510359e+00
20.6 1.258982534809441e-03 7.107244696081846e+00
20.7 1.259972944115706e-03 7.060140617725165e+00
20.8 1.260684981674101e-03 7.006829398474911e+00
20.9 1.261293789569148e-03 6.944933376855601e+00
21 1.261946785981098e-03 6.866119796609972e+00
21.1 1.263217001585729e-03 6.747057017948203e+00
21.2 1.273481196280359e-03 6.927554076289038e+00
21.3 1.281361682942783e-03 7.138014067586167e+00
21.4 1.283549166970614e-03 7.121364773467764e+00
21.5 1.284682783475971e-03 7.077869364231891e+00
21.6 1.285451226467570e-03 7.027516941886248e+00
21.7 1.286071005507894e-03 6.970401014397923e+00
21.8 1.286671961142811e-03 6.901006276635493e+00
21.9 1.287504119327481e-03 6.805060089337101e+00
22 1.292012530479083e-03 6.719946029916638e+00
22.1 1.304260066906188e-03 7.106899169120223e+00
22.2 1.307726694401963e-03 7.137118778950209e+00
22.3 1.309191158571221e-03 7.101660865847769e+00
22.4 1.310087094620999e-03 7.054947523041861e+00
22.5 1.310754338930173e-03 7.002620484616610e+00
22.6 1.311337969659029e-03 6.941974391031892e+00
22.7 1.311975032891218e-03 6.865122715740490e+00
22.8 1.313210680859786e-03 6.751009899449243e+00
22.9 1.322557569012990e-03 6.896352706243935e+00
23 1.331012218662813e-03 7.137118540655198e+00
23.1 1.333349239054064e-03 7.128229005689514e+00
23.2 1.334531076351906e-03 7.087704710959589e+00
23.3 1.335316545204026e-03 7.039901918323428e+00
23.4 1.335934398999921e-03 6.986404860402805e+00
23.5 1.336505415447358e-03 6.923342239300230e+00
23.6 1.337190908473255e-03 6.841089052331474e+00
23.7 1.339047079042968e-03 6.717919752142304e+00
23.8 1.350745469752363e-03 7.010958930693555e+00
23.9 1.356665489384387e-03 7.142613193783572e+00
24 1.358616568720520e-03 7.122829336593322e+00
24.1 1.359682098388414e-03 7.081054977990052e+00
24.2 1.360417884744690e-03 7.033182696542804e+00
24.3 1.361011937109271e-03 6.979558453301823e+00
24.4 1.361575372344760e-03 6.915979457732512e+00
24.5 1.362281286459006e-03 6.832340397557770e+00
24.6 1.364463441638122e-03 6.711283309974990e+00
24.7 1.376351056669260e-03 7.030870670224050e+00
24.8 1.381763976408518e-03 7.143874714431412e+00
24.9 1.383642168037367e-03 7.123177760521953e+00
25 1.384685084853952e-03 7.081919874929227e+00
25.1 1.385409876734698e-03 7.034795112774243e+00
25.2 1.385995702313982e-03 6.982195715329237e+00
25.3 1.386548385260536e-03 6.920256420869087e+00
25.4 1.387224313361600e-03 6.839859345083494e+00
25.5 1.389034819017789e-03 6.721982682704841e+00
25.6 1.400043791437625e-03 6.991159738971802e+00
25.7 1.406390789501742e-03 7.143133198896495e+00
25.8 1.408445352636334e-03 7.129186089257501e+00
25.9 1.409547644579114e-03 7.089982007101974e+00
26 1.410296955980557e-03 7.044328975987892e+00
26.1 1.410889773624418e-03 6.993726640276467e+00
26.2 1.411431230697525e-03 6.935168859482565e+00
26.3 1.412045262492428e-03 6.861477320818317e+00
26.4 1.413254493357143e-03 6.755199882719678e+00
26.5 1.421272362514568e-03 6.855780249318702e+00
26.6 1.430356671375628e-03 7.132408276167643e+00
26.7 1.432974773049288e-03 7.139069411105494e+00
26.8 1.434249683480549e-03 7.104485161228114e+00
26.9 1.435070759635227e-03 7.061046066488040e+00
27 1.435693217676633e-03 7.013046285495572e+00
27.1 1.436233171639759e-03 6.958788268521970e+00
27.2 1.436788719499493e-03 6.893236694660663e+00
27.3 1.437597706835890e-03 6.804675229725062e+00
27.4 1.441277246303639e-03 6.719231376339037e+00
27.5 1.452831656840717e-03 7.077004153451961e+00
27.6 1.457050302042290e-03 7.146887351008387e+00
27.7 1.458726711369739e-03 7.123823645462304e+00
27.8 1.459702694771874e-03 7.083975575928608e+00
27.9 1.460394357025787e-03 7.038896745307573e+00
28 1.460956255594944e-03 6.989039474011375e+00
28.1 1.461480352034026e-03 6.931342219146311e+00
28.2 1.462087184713661e-03 6.858904800277549e+00
28.3 1.463301952178033e-03 6.755790361178617e+00
28.4 1.470865293345015e-03 6.844434865378007e+00
28.5 1.480061299894503e-03 7.129242529009371e+00
28.6 1.482802796856977e-03 7.143232177307325e+00
28.7 1.484120585681961e-03 7.111603966232533e+00
28.8 1.484958959167672e-03 7.070116410783986e+00
28.9 1.485585844143307e-03 7.024288049605258e+00
29 1.486117986249492e-03 6.973219426849118e+00
29.1 1.486641094941190e-03 6.913118650206222e+00
29.2 1.487308437387536e-03 6.835662794182262e+00
29.3 1.489110144985893e-03 6.727113412240806e+00
29.4 1.498903618137029e-03 6.954760669734775e+00
29.5 1.505892837503695e-03 7.142121571070081e+00
29.6 1.508131100829813e-03 7.139432530733047e+00
29.7 1.509301334434081e-03 7.105272505368009e+00
29.8 1.510077581077907e-03 7.063480991464998e+00
29.9 1.510673508792417e-03 7.017601944405969e+00
30 1.511190569612458e-03 6.966298467912808e+00
30.1 1.511712106989287e-03 6.905554809073732e+00
30.2 1.512408387687951e-03 6.826622530548071e+00
30.3 1.514532057061610e-03 6.721138811823637e+00
30.4 1.524768088657024e-03 6.986935766042081e+00
30.5 1.531055749344150e-03 7.144649011593819e+00
30.6 1.533183793344554e-03 7.139421900871443e+00
30.7 1.534320817987923e-03 7.105396621649719e+00
30.8 1.535082286330437e-03 7.064111888930931e+00
30.9 1.535669443128372e-03 7.018877962749896e+00
31 1.536179250475234e-03 6.968451052511278e+00
31.1 1.536690963649902e-03 6.909085522837734e+00
31.2 1.537359481936294e-03 6.832771854567576e+00
31.3 1.539192459865596e-03 6.728583219552100e+00
31.4 1.548534453792543e-03 6.943614672599574e+00
31.5 1.555676428616854e-03 7.141048394496865e+00
31.6 1.557989966997669e-03 7.143487990849930e+00
31.7 1.559189934300470e-03 7.111782028071629e+00
31.8 1.559978635734806e-03 7.071729969550240e+00
31.9 1.560577399373652e-03 7.027763044307570e+00
32 1.561087707175236e-03 6.979173750070191e+00
32.1 1.561583922322262e-03 6.922871883775523e+00
32.2 1.562185223676740e-03 6.852394756163744e+00
32.3 1.563447836638972e-03 6.754666463076597e+00
32.4 1.570418882724029e-03 6.834773350132918e+00
32.5 1.579559907697790e-03 7.122848045757338e+00
32.6 1.582495773409776e-03 7.149547310360644e+00
32.7 1.583887370138387e-03 7.123643169449822e+00
32.8 1.584756908305089e-03 7.085782769600754e+00
32.9 1.585393699388761e-03 7.043585926483840e+00
33 1.585917619057985e-03 6.997442829010255e+00
33.1 1.586402366688364e-03 6.945163842134419e+00
33.2 1.586934252295484e-03 6.882060408223685e+00
33.3 1.587769378051411e-03 6.798094187507931e+00
33.4 1.591324038488754e-03 6.730076383961625e+00
33.5 1.601838153861379e-03 7.053938737127349e+00
33.6 1.606504583277368e-03 7.150473624596823e+00
33.7 1.608342455754259e-03 7.139005993546086e+00
33.8 1.609385053322936e-03 7.105378981289993e+00
33.9 1.610102964703465e-03 7.065505532091899e+00
34 1.610664101021795e-03 7.022050644361514e+00
34.1 1.611153056636821e-03 6.973988883479971e+00
34.2 1.611638613945553e-03 6.918234228191054e+00
34.3 1.612241882811757e-03 6.848495215488805e+00
34.4 1.613548278632015e-03 6.753210087286719e+00
34.5 1.620346952320284e-03 6.834998827833457e+00
34.6 1.629361528162439e-03 7.120139246138955e+00
34.7 1.632363058396891e-03 7.151906525437179e+00
34.8 1.633783969374622e-03 7.128684297920574e+00
34.9 1.634666619734412e-03 7.092529600108906e+00
35 1.635308075377980e-03 7.051900623973918e+00
35.1 1.635829889050589e-03 7.007717653972332e+00
35.2 1.636302800966175e-03 6.958343980184248e+00
35.3 1.636798391864372e-03 6.900118315633208e+00
35.4 1.637481457317962e-03 6.825546400767283e+00
35.5 1.639445411406350e-03 6.730406050501998e+00
35.6 1.648135562248087e-03 6.933490895219102e+00
35.7 1.655322765176680e-03 7.138794126047132e+00
35.8 1.657744057635851e-03 7.149887094075243e+00
35.9 1.658991878817966e-03 7.122830712495145e+00
36 1.659801685201637e-03 7.086002414993541e+00
36.1 1.660406333829629e-03 7.045287162194049e+00
36.2 1.660908429373099e-03 7.000990401464816e+00
36.3 1.661372816307735e-03 6.951269013590458e+00
36.4 1.661872923099168e-03 6.892268785733354e+00
36.5 1.662597899352009e-03 6.816147663793477e+00
36.6 1.664927200615864e-03 6.727350630150596e+00
36.7 1.674047534788452e-03 6.967084001645143e+00
36.8 1.680545325123927e-03 7.142796268581589e+00
36.9 1.682823747269465e-03 7.149812328775562e+00
37 1.684027647137836e-03 7.122448951342358e+00
37.1 1.684818323742581e-03 7.085943615662324e+00
37.2 1.685412456340382e-03 7.045687949969129e+00
37.3 1.685907435799289e-03 7.001955728746951e+00
37.4 1.686365438821109e-03 6.952998826755341e+00
37.5 1.686856371049640e-03 6.895188873185458e+00
37.6 1.687553678780741e-03 6.821257211397212e+00
37.7 1.689618588004720e-03 6.731245224986024e+00
37.8 1.698082171648906e-03 6.933589814989997e+00
37.9 1.705189270572683e-03 7.137936816269524e+00
38 1.707640717678148e-03 7.152395585697052e+00
38.1 1.708905670645193e-03 7.127476722868783e+00
38.2 1.709723591566408e-03 7.092152760994376e+00
38.3 1.710330685894931e-03 7.052857382632384e+00
38.4 1.710830083863687e-03 7.010304648498426e+00
38.5 1.711283990814019e-03 6.963094689919255e+00
38.6 1.711754718255744e-03 6.908156239282710e+00
38.7 1.712372762777819e-03 6.839476265538378e+00
38.8 1.713813985296538e-03 6.749225342118379e+00
38.9 1.720445964128743e-03 6.843176551809690e+00
39 1.729080631914264e-03 7.116605167844992e+00
39.1 1.732143834466564e-03 7.155515276157595e+00
39.2 1.733605137645351e-03 7.137091673226796e+00
39.3 1.734507598418907e-03 7.104141876616605e+00
39.4 1.735156432591726e-03 7.066316682884213e+00
39.5 1.735675538442133e-03 7.025397540307118e+00
39.6 1.736132238897220e-03 6.980579862023503e+00
39.7 1.736582118303453e-03 6.929528246310602e+00
39.8 1.737113287278463e-03 6.867759282267261e+00
39.9 1.738036959012710e-03 6.786790298336205e+00
40 1.741854377621318e-03 6.747430563863220e+00
40.1 1.751434704980582e-03 7.046636069086490e+00
40.2 1.756138366490824e-03 7.151780812477531e+00
40.3 1.758053941786639e-03 7.149070500634773e+00
40.4 1.759136953854605e-03 7.120985151752453e+00
40.5 1.759872696738650e-03 7.085395095479139e+00
40.6 1.760436004878389e-03 7.046427669520408e+00
40.7 1.760910133462118e-03 7.004258046091190e+00
40.8 1.761350002935028e-03 6.957375303437427e+00
40.9 1.761816638647683e-03 6.902712445960727e+00
41 1.762448361989514e-03 6.834378971896447e+00
41.1 1.763985049623647e-03 6.747062367134125e+00
41.2 1.770600196544857e-03 6.850560684513729e+00
41.3 1.778999192745398e-03 7.115972765208047e+00
41.4 1.782058515754302e-03 7.156934100215482e+00
41.5 1.783530167731105e-03 7.140564099499815e+00
41.6 1.784438897972715e-03 7.109102951358258e+00
41.7 1.785090073533431e-03 7.072550947403180e+00
41.8 1.785607966014035e-03 7.033023638571035e+00
41.9 1.786058764839442e-03 6.990036732915835e+00
42 1.786493465426652e-03 6.941703164148453e+00
42.1 1.786982385723915e-03 6.884437296150195e+00
42.2 1.787725536376521e-03 6.811434893523355e+00
42.3 1.790068107020246e-03 6.734186257300385e+00
42.4 1.798219728962504e-03 6.942220207996411e+00
42.5 1.805012882688106e-03 7.137299499907239e+00
42.6 1.807475699378078e-03 7.156403092007808e+00
42.7 1.808759723811081e-03 7.135258579037044e+00
42.8 1.809588024017653e-03 7.102734322179135e+00
42.9 1.810198008950542e-03 7.065989545247414e+00
43 1.810692954915148e-03 7.026384698757052e+00
43.1 1.811131599197023e-03 6.983192902162106e+00
43.2 1.811563390566484e-03 6.934392374350861e+00
43.3 1.812064053113836e-03 6.876211889700118e+00
43.4 1.812870524543812e-03 6.801703277774633e+00
43.5 1.815643801428026e-03 6.736697367324854e+00
43.6 1.824158709127199e-03 6.976207838754709e+00
43.7 1.830278352443092e-03 7.142366561415873e+00
43.8 1.832579138260806e-03 7.156411348208974e+00
43.9 1.833810562249844e-03 7.134540354555525e+00
44 1.834615706049954e-03 7.102161417815390e+00
44.1 1.835213217597609e-03 7.065755573488780e+00
44.2 1.835700317595695e-03 7.026559475106160e+00
44.3 1.836133147894265e-03 6.983865970239049e+00
44.4 1.836559343270527e-03 6.935741458265165e+00
44.5 1.837051272556859e-03 6.878610864583608e+00
44.6 1.837828072692512e-03 6.805955163706491e+00
44.7 1.840348456652743e-03 6.736910808374967e+00
44.8 1.848395859468428e-03 6.950171511974881e+00
44.9 1.854969403854990e-03 7.137625956215640e+00
45 1.857414451748515e-03 7.158027702108289e+00
45.1 1.858700159410535e-03 7.138485254150222e+00
45.2 1.859530474764815e-03 7.107250075532062e+00
45.3 1.860140640345307e-03 7.071664326845158e+00
45.4 1.860633369388632e-03 7.033331279462341e+00
45.5 1.861066089483950e-03 6.991782663121915e+00
45.6 1.861484321384371e-03 6.945361962801322e+00
45.7 1.861949952257313e-03 6.890997618075640e+00
45.8 1.862624930156380e-03 6.823067626416467e+00
45.9 1.864421900903937e-03 6.743646884819340e+00
46 1.871089292490585e-03 6.871102816292211e+00
46.1 1.878949276149310e-03 7.117079023373488e+00
46.2 1.881937554934364e-03 7.159335472122448e+00
46.3 1.883409729118836e-03 7.146290240845374e+00
46.4 1.884323074071079e-03 7.117542419151592e+00
46.5 1.884975615258568e-03 7.083329012923201e+00
46.6 1.885490386944266e-03 7.046247823828981e+00
46.7 1.885931555345264e-03 7.006315560444422e+00
46.8 1.886344100390079e-03 6.962298701931521e+00
46.9 1.886778270359518e-03 6.911789912082599e+00
47 1.887337539913834e-03 6.850425316525020e+00
47.1 1.888447707455556e-03 6.772398678357943e+00
47.2 1.892778891985984e-03 6.774490758210129e+00
47.3 1.901582993751538e-03 7.054939654954006e+00
47.4 1.905971877529753e-03 7.153502021419606e+00
47.5 1.907870531942646e-03 7.155695821247791e+00
47.6 1.908960719076929e-03 7.132080172129700e+00
47.7 1.909700834343166e-03 7.100146471305638e+00
47.8 1.910262412673156e-03 7.064700220056978e+00
47.9 1.910726656210223e-03 7.026651553070005e+00
48 1.911142653224656e-03 6.985338812959434e+00
48.1 1.911553187220146e-03 6.939054015789179e+00
48.2 1.912022282553785e-03 6.884716759532473e+00
48.3 1.912728801685452e-03 6.816888070216698e+00
48.4 1.914695597653728e-03 6.743055941355046e+00
48.5 1.921416286737731e-03 6.884072068839350e+00
48.6 1.928976318770166e-03 7.118738376814736e+00
48.7 1.931901593628798e-03 7.160413508022780e+00
48.8 1.933364257971936e-03 7.148630360646148e+00
48.9 1.934275857514582e-03 7.121094479213806e+00
49 1.934927274708836e-03 7.087955630958779e+00
49.1 1.935439893383187e-03 7.051965059680311e+00
49.2 1.935876794929736e-03 7.013331456323485e+00
49.3 1.936280844047411e-03 6.971064623999672e+00
49.4 1.936696324862478e-03 6.923156552061489e+00
49.5 1.937203756329973e-03 6.866040576959399e+00
49.6 1.938076921176048e-03 6.794070675533255e+00
49.7 1.941027824470886e-03 6.746408230394509e+00
49.8 1.948933975510871e-03 6.972201274363930e+00
49.9 1.954965860491530e-03 7.139603420154018e+00
50 1.957334142391099e-03 7.160762401153701e+00
50.1 1.958607812453984e-03 7.143814452270068e+00
50.2 1.959435529262467e-03 7.114915808071945e+00
50.3 1.960043116998269e-03 7.081454796364775e+00
50.4 1.960530695406832e-03 7.045372440390216e+00
50.5 1.960953266211130e-03 7.006601395536137e+00
50.6 1.961350939531323e-03 6.964025571225839e+00
50.7 1.961769169593645e-03 6.915521981398092e+00
50.8 1.962298412071548e-03 6.857353728540541e+00
50.9 1.963273027855296e-03 6.784365362924937e+00
51 1.966707403113742e-03 6.756696109644162e+00
51.1 1.974892440435561e-03 7.006085693761488e+00
51.2 1.980251970636969e-03 7.145012708919698e+00
51.3 1.982455471367692e-03 7.160847674537498e+00
51.4 1.983671459614493e-03 7.142868847693441e+00
51.5 1.984472978133544e-03 7.113952025416266e+00
51.6 1.985066386254573e-03 7.080731035239998e+00
51.7 1.985545242127458e-03 7.044962008974424e+00
51.8 1.985961823484178e-03 7.006551902303277e+00
51.9 1.986354777370514e-03 6.964417729180487e+00
52 1.986768174111029e-03 6.916517659138437e+00
52.1 1.987288980161978e-03 6.859290548985850e+00
52.2 1.988229272602356e-03 6.787814923586762e+00
52.3 1.991428566825989e-03 6.753717020773470e+00
52.4 1.999286650293464e-03 6.985883527086728e+00
52.5 2.005002017943796e-03 7.141196836813113e+00
52.6 2.007314414507603e-03 7.161941445249939e+00
52.7 2.008574816266447e-03 7.145988284727290e+00
52.8 2.009397939084981e-03 7.118131015011592e+00
52.9 2.010002686061530e-03 7.085643807184606e+00
53 2.010487149440641e-03 7.050569199115627e+00
53.1 2.010905075387675e-03 7.012991656988184e+00
53.2 2.011294583805600e-03 6.971997993999657e+00
53.3 2.011696013804214e-03 6.925795516067653e+00
53.4 2.012181479651650e-03 6.871280489158957e+00
53.5 2.012978220551327e-03 6.803643043799745e+00
53.6 2.015370282929040e-03 6.746042462044075e+00
53.7 2.022221049869945e-03 6.915053912017729e+00
53.8 2.029119306485438e-03 7.123877213264314e+00
53.9 2.031876228342902e-03 7.162471429779936e+00
54 2.033302170575115e-03 7.152447784414318e+00
54.1 2.034202351114031e-03 7.127027808136980e+00
54.2 2.034847747863739e-03 7.095858237921824e+00
54.3 2.035354499200040e-03 7.061842188654282e+00
54.4 2.035783117978349e-03 7.025474301135509e+00
54.5 2.036173109334759e-03 6.986137728345945e+00
54.6 2.036560822930113e-03 6.942401783930996e+00
54.7 2.037000531882307e-03 6.891782829207624e+00
54.8 2.037630866796712e-03 6.830125341818111e+00
54.9 2.039096490874740e-03 6.758608617784391e+00
55 2.044076377803483e-03 6.815144856158122e+00
55.1 2.052129436643921e-03 7.073833037235844e+00
55.2 2.055992245586044e-03 7.156656069987852e+00
55.3 2.057791879592341e-03 7.160142927465925e+00
55.4 2.058855680481422e-03 7.139700023996288e+00
55.5 2.059584922049356e-03 7.110807351630701e+00
55.6 2.060138126163858e-03 7.078276469680724e+00
55.7 2.060591867762728e-03 7.043393307150598e+00
55.8 2.060991137022198e-03 7.005994973240491e+00
55.9 2.061370628320443e-03 6.965083286386422e+00
56 2.061770802495959e-03 6.918826995756881e+00
56.1 2.062270088076492e-03 6.864115189592357e+00
56.2 2.063129786484915e-03 6.796703198435631e+00
56.3 2.065775371234238e-03 6.750382027953314e+00
56.4 2.072694327238676e-03 6.932910829864809e+00
56.5 2.079228414125626e-03 7.127156782750403e+00
56.6 2.081885281634938e-03 7.163478392461041e+00
56.7 2.083285057208824e-03 7.153984483863769e+00
56.8 2.084175777695684e-03 7.129467385328393e+00
56.9 2.084816288993451e-03 7.099194211009836e+00
57 2.085319245782783e-03 7.066076752506905e+00
57.1 2.085743638348955e-03 7.030709784450815e+00
57.2 2.086127529893957e-03 6.992619148238076e+00
57.3 2.086504506264211e-03 6.950586767230441e+00
57.4 2.086920971573710e-03 6.902503149801129e+00
57.5 2.087483091578712e-03 6.844858915860995e+00
57.6 2.088611081880379e-03 6.775369771077809e+00
57.7 2.092354692198122e-03 6.774463813055826e+00
57.8 2.100126407639052e-03 7.016667339185570e+00
57.9 2.105138715813794e-03 7.145336446807990e+00
58 2.107313033970659e-03 7.164030495210107e+00
58.1 2.108534162291533e-03 7.149504434823331e+00
58.2 2.109341848624438e-03 7.123470839358019e+00
58.3 2.109937773809193e-03 7.092765142056228e+00
58.4 2.110414663848610e-03 7.059518187577445e+00
58.5 2.110823496024496e-03 7.024037965914126e+00
58.6 2.111199145888252e-03 6.985723384492940e+00
58.7 2.111574919853886e-03 6.943267485289246e+00
58.8 2.112000990996306e-03 6.894450688352352e+00
58.9 2.112601182665807e-03 6.835677306770348e+00
59 2.113900046587703e-03 6.767131095847321e+00
59.1 2.118134480915803e-03 6.793187495266004e+00
59.2 2.125952114900149e-03 7.041659748401714e+00
59.3 2.130424857704086e-03 7.150390052988063e+00
59.4 2.132445185938221e-03 7.164088179876109e+00
59.5 2.133607600218824e-03 7.148383248582055e+00
59.6 2.134387420286603e-03 7.122203339348318e+00
59.7 2.134967970722374e-03 7.091652032418875e+00
59.8 2.135435404310083e-03 7.058647933931127e+00
59.9 2.135837915575993e-03 7.023445446667723e+00
60 2.136209000778113e-03 6.985447561557528e+00
