0.1 2.757653061224490e-04 1.000000000000000e+01
0.2 5.371325560483075e-05 6.013941669130578e+00
0.3 5.727570114023807e-05 5.392735992839162e+00
0.4 7.853395524330031e-05 6.423361779018284e+00
0.5 8.233163422025256e-05 6.519307421424379e+00
0.6 8.525588824587468e-05 6.478047839652643e+00
0.7 1.004277857194839e-04 6.363968749978534e+00
0.8 1.056837251781819e-04 6.539694093594004e+00
0.9 1.078725660390105e-04 6.566600049938595e+00
1 1.098337276104231e-04 6.533775276552971e+00
1.1 1.194379930708452e-04 6.157113872912207e+00
1.2 1.289135532009314e-04 6.527455506294958e+00
1.3 1.315135029613217e-04 6.588260968128280e+00
1.4 1.331060147176319e-04 6.595786442876925e+00
1.5 1.345618715628736e-04 6.569043424790594e+00
1.6 1.369423934056366e-04 6.382113331548679e+00
1.7 1.509813638704570e-04 6.448527139872864e+00
1.8 1.550876435418723e-04 6.584365239324264e+00
1.9 1.569126231295383e-04 6.615504328654690e+00
2 1.581886486904437e-04 6.616187455897209e+00
2.1 1.593452115933151e-04 6.594460256085541e+00
2.2 1.607936892455332e-04 6.519653004514272e+00
2.3 1.698582711339201e-04 6.232469738977215e+00
2.4 1.780098476048148e-04 6.539528503639665e+00
2.5 1.806386364335017e-04 6.613317438237433e+00
2.6 1.821001471766292e-04 6.632970661889527e+00
2.7 1.831828394187167e-04 6.631437827420018e+00
2.8 1.841493713056929e-04 6.613919926719262e+00
2.9 1.852045126460209e-04 6.570205520861122e+00
3 1.869714909501619e-04 6.408469771817851e+00
3.1 1.987437077000046e-04 6.393767580451071e+00
3.2 2.038603494298758e-04 6.579294692919786e+00
3.3 2.059026017445451e-04 6.630312821708134e+00
3.4 2.071607717022449e-04 6.645048640038564e+00
3.5 2.081179139176712e-04 6.643318626217258e+00
3.6 2.089587759270098e-04 6.629372091448290e+00
3.7 2.098089098340356e-04 6.599545757521121e+00
3.8 2.108752123031391e-04 6.531395609702432e+00
3.9 2.155138682289711e-04 6.209316603741867e+00
4 2.255124383228715e-04 6.472498242795263e+00
4.1 2.292406638362457e-04 6.599303294265132e+00
4.2 2.309950871690977e-04 6.640622530955029e+00
4.3 2.321331898747889e-04 6.653593402486957e+00
4.4 2.330080831922676e-04 6.652698138763069e+00
4.5 2.337646722172520e-04 6.641863975651717e+00
4.6 2.344925650120956e-04 6.620103842086991e+00
4.7 2.352922627284462e-04 6.579581668745796e+00
4.8 2.364325589065000e-04 6.483535117512398e+00
4.9 2.438534382317334e-04 6.268478774614596e+00
5 2.512241631131506e-04 6.505381832793898e+00
5.1 2.543576792803893e-04 6.608988750687515e+00
5.2 2.559667042231916e-04 6.646558012534538e+00
5.3 2.570368475350660e-04 6.659563260123733e+00
5.4 2.578602612178999e-04 6.660106635494174e+00
5.5 2.585613469636999e-04 6.652072065868815e+00
5.6 2.592122018556566e-04 6.635766785465325e+00
5.7 2.598756710734679e-04 6.608134783109314e+00
5.8 2.606513035253634e-04 6.558244662590380e+00
5.9 2.619323122124506e-04 6.433032260581683e+00
6 2.700452130642388e-04 6.309510875003469e+00
6.1 2.763855030673726e-04 6.516414940588242e+00
6.2 2.792862447634333e-04 6.611595635769303e+00
6.3 2.808389381706856e-04 6.649000351466611e+00
6.4 2.818799911417225e-04 6.663321557217126e+00
6.5 2.826764093918347e-04 6.665764125254375e+00
6.6 2.833438236113240e-04 6.660362085778424e+00
6.7 2.839462540722446e-04 6.648166875580287e+00
6.8 2.845309578837363e-04 6.628130102899010e+00
6.9 2.851509324846698e-04 6.596081002019834e+00
7 2.859116049556090e-04 6.538877035496350e+00
7.1 2.874253080108441e-04 6.388315873306668e+00
7.2 2.953657039434365e-04 6.330780542641454e+00
7.3 3.011703379577430e-04 6.513246114736020e+00
7.4 3.040523608127750e-04 6.608240720631357e+00
7.5 3.056182573023465e-04 6.648168886973065e+00
7.6 3.066640165163971e-04 6.664914044424884e+00
7.7 3.074551391130274e-04 6.669702965451197e+00
7.8 3.081070540107121e-04 6.666901554760493e+00
7.9 3.086815206910142e-04 6.658089651575717e+00
8 3.092194283852363e-04 6.643235411572193e+00
8.1 3.097569420998407e-04 6.620669412663703e+00
8.2 3.103423360000265e-04 6.585657904670482e+00
8.3 3.110871450033133e-04 6.523988460008963e+00
8.4 3.128551664907916e-04 6.362189720908947e+00
8.5 3.201027745853018e-04 6.338849731422977e+00
8.6 3.256068839633745e-04 6.497786051539594e+00
8.7 3.286505180345469e-04 6.598680129787208e+00
8.8 3.302988245973114e-04 6.643762637184698e+00
8.9 3.313840945994655e-04 6.664130452221109e+00
9 3.321917301662319e-04 6.671807709320956e+00
9.1 3.328450242868997e-04 6.671720116335814e+00
9.2 3.334080471644227e-04 6.665928376100503e+00
9.3 3.339202423806706e-04 6.655026041860292e+00
9.4 3.344113844480999e-04 6.638499187407312e+00
9.5 3.349114763293425e-04 6.614417525936080e+00
9.6 3.354653299314329e-04 6.577928417724659e+00
9.7 3.361860985772318e-04 6.515031953247629e+00
9.8 3.380180037229528e-04 6.360497271350741e+00
9.9 3.444311025369349e-04 6.342294153733956e+00
10 3.496550143429449e-04 6.469850140865771e+00
10.1 3.530497970385831e-04 6.581777294242689e+00
10.2 3.548630569133930e-04 6.635008978029595e+00
10.3 3.560290933200662e-04 6.660493334609669e+00
10.4 3.568779018527354e-04 6.671793274139355e+00
10.5 3.575501322884537e-04 6.674703006979139e+00
10.6 3.581168223119529e-04 6.671826321495610e+00
10.7 3.586194759648939e-04 6.664241803988727e+00
10.8 3.590863336171576e-04 6.652087834311765e+00
10.9 3.595408453391582e-04 6.634642710315814e+00
11 3.600088053919851e-04 6.609940036983166e+00
11.1 3.605313005313915e-04 6.573368598795171e+00
11.2 3.612156565695311e-04 6.512260761249092e+00
11.3 3.628742198797176e-04 6.374967391276190e+00
11.4 3.684655100252999e-04 6.345711997660549e+00
11.5 3.733719973864288e-04 6.434265910019882e+00
11.6 3.771874974294152e-04 6.555579918733660e+00
11.7 3.792775340892053e-04 6.620540746162844e+00
11.8 3.805794261212936e-04 6.653177247039202e+00
11.9 3.815005493318312e-04 6.669159120393364e+00
12 3.822121648144884e-04 6.675575179738541e+00
12.1 3.827982200370298e-04 6.675736584693635e+00
12.2 3.833057197816214e-04 6.671201850581753e+00
12.3 3.837644719505048e-04 6.662572558138911e+00
12.4 3.841962701527336e-04 6.649771048296103e+00
12.5 3.846204366642926e-04 6.632017494841596e+00
12.6 3.850593648729040e-04 6.607458062462340e+00
12.7 3.855496756510813e-04 6.571975457626837e+00
12.8 3.861857191366156e-04 6.514925076926979e+00
12.9 3.875587390541086e-04 6.398130562504559e+00
13 3.922860117549494e-04 6.348004327014593e+00
13.1 3.968840487633403e-04 6.404948263486160e+00
13.2 4.009596398964804e-04 6.518066175638078e+00
13.3 4.034846227087329e-04 6.598221089226042e+00
13.4 4.050026831608155e-04 6.640855037855013e+00
13.5 4.060393516721734e-04 6.663096528994639e+00
13.6 4.068167538185121e-04 6.673852405506548e+00
13.7 4.074405711684800e-04 6.677425914728054e+00
13.8 4.079677127752263e-04 6.675953897070180e+00
13.9 4.084324123342888e-04 6.670462829621180e+00
14 4.088576808356141e-04 6.661308303645892e+00
14.1 4.092612008206989e-04 6.648320638259415e+00
14.2 4.096592966107726e-04 6.630749377579567e+00
14.3 4.100713366868693e-04 6.606943746740717e+00
14.4 4.105288730536447e-04 6.573413462260616e+00
14.5 4.111092141282940e-04 6.521735274952720e+00
14.6 4.121997273462404e-04 6.425275553101486e+00
14.7 4.159675065205257e-04 6.348774832264795e+00
14.8 4.202893401492157e-04 6.391149193331031e+00
14.9 4.242473325637054e-04 6.469552242229433e+00
15 4.273886787399609e-04 6.565189228556686e+00
15.1 4.292454056686446e-04 6.621463417283527e+00
15.2 4.304623520213182e-04 6.652326022446897e+00
15.3 4.313427911588672e-04 6.668746142375753e+00
15.4 4.320283449739206e-04 6.676434199581348e+00
15.5 4.325924914918337e-04 6.678314244468387e+00
15.6 4.330774893421260e-04 6.675901837465982e+00
15.7 4.335100862735890e-04 6.669932842289112e+00
15.8 4.339090073077220e-04 6.660636289909237e+00
15.9 4.342891057830199e-04 6.647819674093388e+00
16 4.346643671669895e-04 6.630811436309661e+00
16.1 4.350513939022851e-04 6.608207114072043e+00
16.2 4.354765064330269e-04 6.577171408570180e+00
16.3 4.359995717506968e-04 6.531334634283087e+00
16.4 4.368605863263771e-04 6.452909639987052e+00
16.5 4.396047683823823e-04 6.354989415040082e+00
16.6 4.436223088366166e-04 6.385323569905511e+00
16.7 4.473321947646775e-04 6.430158606948754e+00
16.8 4.508456077668558e-04 6.519591223604635e+00
16.9 4.532189376598132e-04 6.592032407574910e+00
17 4.547178573063198e-04 6.634845190956087e+00
17.1 4.557578723110801e-04 6.658997410230075e+00
17.2 4.565393317861281e-04 6.671981004980748e+00
17.3 4.571632796263422e-04 6.677841244489308e+00
17.4 4.576854886434572e-04 6.678748583308108e+00
17.5 4.581395795373635e-04 6.675866119212376e+00
17.6 4.585476124123201e-04 6.669766219685313e+00
17.7 4.589254534514017e-04 6.660618124376426e+00
17.8 4.592859064226273e-04 6.648245585890434e+00
17.9 4.596410643467709e-04 6.632080039321782e+00
18 4.600050361525778e-04 6.610971043735493e+00
18.1 4.603992148460457e-04 6.582692855132967e+00
18.2 4.608681477978025e-04 6.542581141369405e+00
18.3 4.615572730440771e-04 6.479050355119478e+00
18.4 4.633473731166992e-04 6.378275007068906e+00
18.5 4.668987247407639e-04 6.376009954763385e+00
18.6 4.704262530434725e-04 6.414676188762946e+00
18.7 4.737763599216373e-04 6.467111063342797e+00
18.8 4.767827998818982e-04 6.549590998383803e+00
18.9 4.787202122117939e-04 6.607678626111814e+00
19 4.800100270473781e-04 6.642613998901007e+00
19.1 4.809397984961373e-04 6.662794852741269e+00
19.2 4.816563666481193e-04 6.673743585156888e+00
19.3 4.822382174542775e-04 6.678565646539232e+00
19.4 4.827306688891537e-04 6.678992888437780e+00
19.5 4.831619784634238e-04 6.675981276355518e+00
19.6 4.835511538412512e-04 6.670012396162813e+00
19.7 4.839120913464535e-04 6.661234740616994e+00
19.8 4.842560695570769e-04 6.649509421570791e+00
19.9 4.845936381451667e-04 6.634378027026189e+00
20 4.849367319119240e-04 6.614928569026890e+00
20.1 4.853024460307560e-04 6.589460563885659e+00
20.2 4.857231484532824e-04 6.554631073108673e+00
20.3 4.862868675585903e-04 6.502966531943059e+00
20.4 4.874065684034024e-04 6.418528831917358e+00
20.5 4.901981229673794e-04 6.369163529569053e+00
20.6 4.935101828753049e-04 6.404325250283922e+00
20.7 4.966635532480746e-04 6.437921128645849e+00
20.8 4.997670132125894e-04 6.496746153804734e+00
20.9 5.023309286270312e-04 6.567465391566326e+00
21 5.040130827330053e-04 6.616588938907667e+00
21.1 5.051757331685359e-04 6.646838837302706e+00
21.2 5.060358051669773e-04 6.664701518767021e+00
21.3 5.067099919482504e-04 6.674526485315638e+00
21.4 5.072634976447082e-04 6.678859209602127e+00
21.5 5.077352424857374e-04 6.679168174341926e+00
21.6 5.081500872746060e-04 6.676287808010332e+00
21.7 5.085250315272210e-04 6.670653298322397e+00
21.8 5.088726058226927e-04 6.662415784385679e+00
21.9 5.092029513279790e-04 6.651483857360896e+00
22 5.095253756982830e-04 6.637505955166264e+00
22.1 5.098499921476386e-04 6.619780574011909e+00
22.2 5.101903704289693e-04 6.597036567500618e+00
22.3 5.105698103946121e-04 6.566910557947383e+00
22.4 5.110422298445242e-04 6.524579750822714e+00
22.5 5.117974348075580e-04 6.459376083218322e+00
22.6 5.136488184402541e-04 6.381043451438141e+00
22.7 5.165906298087146e-04 6.388022938166024e+00
22.8 5.196131440537909e-04 6.426432804217676e+00
22.9 5.224914391045340e-04 6.457159216330000e+00
23 5.253734929640656e-04 6.515890975575787e+00
23.1 5.276267409136051e-04 6.577423525428986e+00
23.2 5.291573674341410e-04 6.621022811763130e+00
23.3 5.302438405277811e-04 6.648578086854967e+00
23.4 5.310616828034927e-04 6.665223610306873e+00
23.5 5.317098330744818e-04 6.674573676001827e+00
23.6 5.322455431508612e-04 6.678830371809229e+00
23.7 5.327038435795173e-04 6.679304857209498e+00
23.8 5.331074929792408e-04 6.676764386051582e+00
23.9 5.334722104277564e-04 6.671626498374063e+00
24 5.338096079151494e-04 6.664059294807996e+00
24.1 5.341290005041873e-04 6.654022498895895e+00
24.2 5.344387266613662e-04 6.641262532733091e+00
24.3 5.347474360433618e-04 6.625256184217549e+00
24.4 5.350659440691931e-04 6.605070938004139e+00
24.5 5.354110830474877e-04 6.579050286934410e+00
24.6 5.358165789150846e-04 6.544063261002700e+00
24.7 5.363757492450954e-04 6.493642787976220e+00
24.8 5.374680627334132e-04 6.419301647579510e+00
24.9 5.397726299336225e-04 6.379143028646343e+00
25 5.425584298212397e-04 6.407826034854638e+00
25.1 5.453347113320803e-04 6.443378516109140e+00
25.2 5.479981635173813e-04 6.472220728876191e+00
25.3 5.506708880699336e-04 6.526633665372540e+00
25.4 5.527388298311474e-04 6.581849364563377e+00
25.5 5.541841760991563e-04 6.622151405897522e+00
25.6 5.552299716418655e-04 6.648363821443471e+00
25.7 5.560262265626891e-04 6.664596556145788e+00
25.8 5.566613716781933e-04 6.673976274514168e+00
25.9 5.571880912188929e-04 6.678493528585502e+00
26 5.576392360577780e-04 6.679371257445550e+00
26.1 5.580363994154401e-04 6.677346713072484e+00
26.2 5.583945752641722e-04 6.672839715700913e+00
26.3 5.587248172373705e-04 6.666044493874643e+00
26.4 5.590358816922965e-04 6.656972142414908e+00
26.5 5.593353892864503e-04 6.645456119119046e+00
26.6 5.596308660476957e-04 6.631120336137959e+00
26.7 5.599310606520130e-04 6.613293410831115e+00
26.8 5.602483219754865e-04 6.590821587164809e+00
26.9 5.606043554574559e-04 6.561655108440998e+00
27 5.610485608003110e-04 6.521886127628395e+00
27.1 5.617374416240401e-04 6.464197123413252e+00
27.2 5.632077441135260e-04 6.396485447604555e+00
27.3 5.655796298159058e-04 6.388830362878496e+00
27.4 5.681880860753897e-04 6.423944903335225e+00
27.5 5.707611282061461e-04 6.456726782984605e+00
27.6 5.732437475471377e-04 6.483289889477682e+00
27.7 5.757402025261040e-04 6.531738781536046e+00
27.8 5.777022080615435e-04 6.582100439188101e+00
27.9 5.791090383845160e-04 6.620565960589855e+00
28 5.801416989230544e-04 6.646422572829588e+00
28.1 5.809335545296483e-04 6.662883467920182e+00
28.2 5.815671020673697e-04 6.672720300530504e+00
28.3 5.820928240224709e-04 6.677794633466887e+00
28.4 5.825426825626477e-04 6.679289058040015e+00
28.5 5.829378556675358e-04 6.677938253391263e+00
28.6 5.832930786756157e-04 6.674179378842961e+00
28.7 5.836191625174192e-04 6.668239318172134e+00
28.8 5.839245482583612e-04 6.660179439643084e+00
28.9 5.842163726049207e-04 6.649909480025581e+00
29 5.845013467741793e-04 6.637173156273698e+00
29.1 5.847867266963891e-04 6.621498111389204e+00
29.2 5.850818163915944e-04 6.602086321943484e+00
29.3 5.854010946625032e-04 6.577584866907300e+00
29.4 5.857725439699068e-04 6.545589827168641e+00
29.5 5.862662922575543e-04 6.501627575933454e+00
29.6 5.871150297248008e-04 6.440153979659257e+00
29.7 5.888134959148784e-04 6.390232747643108e+00
29.8 5.911016335652703e-04 6.399466416208212e+00
29.9 5.935464003297208e-04 6.436124499316444e+00
30 5.959516905775303e-04 6.467343343681474e+00
30.1 5.982756875368615e-04 6.491253453285219e+00
30.2 6.006249308637111e-04 6.532941000903139e+00
30.3 6.025336519768340e-04 6.579014321658520e+00
30.4 6.039378083086237e-04 6.616534072446934e+00
30.5 6.049809480519579e-04 6.642785456082189e+00
30.6 6.057841899154082e-04 6.660024075008182e+00
30.7 6.064270651353465e-04 6.670710052599553e+00
30.8 6.069596525417643e-04 6.676623480459716e+00
30.9 6.074141049644410e-04 6.678940638968333e+00
31 6.078118518513404e-04 6.678415345560695e+00
31.1 6.081678019312268e-04 6.675514699248984e+00
31.2 6.084928238826598e-04 6.670503797059689e+00
31.3 6.087952777973806e-04 6.663493242992747e+00
31.4 6.090820376748434e-04 6.654459844009910e+00
31.5 6.093592750634814e-04 6.643244800251176e+00
31.6 6.096332160538399e-04 6.629527169351711e+00
31.7 6.099111365822309e-04 6.612761258693276e+00
31.8 6.102031278691300e-04 6.592049248564477e+00
31.9 6.105260921959671e-04 6.565882009797869e+00
32 6.109150085800947e-04 6.531607630462809e+00
32.1 6.114627268058130e-04 6.484686572616456e+00
32.2 6.124560119282203e-04 6.424583034157918e+00
32.3 6.142159717844477e-04 6.391344913896218e+00
32.4 6.163855379134736e-04 6.408032285437121e+00
32.5 6.186833005411261e-04 6.444715857847692e+00
32.6 6.209489090354417e-04 6.475621986281956e+00
32.7 6.231337467539397e-04 6.497286960702075e+00
32.8 6.253510369874408e-04 6.531840527491550e+00
32.9 6.272395655282467e-04 6.573260745140889e+00
33 6.286695747736811e-04 6.610161655476399e+00
33.1 6.297450685679018e-04 6.637352743559226e+00
33.2 6.305754647545572e-04 6.655860027152368e+00
33.3 6.312389987450260e-04 6.667777992203213e+00
33.4 6.317867662237589e-04 6.674817544050272e+00
33.5 6.322520934123201e-04 6.678170619247676e+00
33.6 6.326573128672907e-04 6.678627929913465e+00
33.7 6.330179449890949e-04 6.676698067214412e+00
33.8 6.333452256341720e-04 6.672690046869651e+00
33.9 6.336476730808941e-04 6.666763656618004e+00
34 6.339321147154978e-04 6.658955845191011e+00
34.1 6.342044291528623e-04 6.649188141097529e+00
34.2 6.344701829789004e-04 6.637255769771340e+00
34.3 6.347353384737633e-04 6.622793767887627e+00
34.4 6.350073093512046e-04 6.605206695216520e+00
34.5 6.352969936850974e-04 6.583531322600434e+00
34.6 6.356235962048437e-04 6.556166922484610e+00
34.7 6.360285658567011e-04 6.520379648985502e+00
34.8 6.366234792345430e-04 6.472199515510757e+00
34.9 6.377029579502481e-04 6.416950893309586e+00
35 6.394265742839091e-04 6.394516403788487e+00
35.1 6.414712808227261e-04 6.413801175920144e+00
35.2 6.436362390633678e-04 6.449961259992907e+00
35.3 6.457839267755269e-04 6.481585567004712e+00
35.4 6.478504968813200e-04 6.502342891826359e+00
35.5 6.499352749696131e-04 6.529899022405804e+00
35.6 6.518213671425399e-04 6.565662305335393e+00
35.7 6.532985036733733e-04 6.601550038159100e+00
35.8 6.544272656540298e-04 6.629951281537230e+00
35.9 6.553015062877920e-04 6.650152040768761e+00
36 6.559982087358784e-04 6.663687457346139e+00
36.1 6.565704917886727e-04 6.672160025276890e+00
36.2 6.570537821719625e-04 6.676782760382141e+00
36.3 6.574719972424722e-04 6.678396462941417e+00
36.4 6.578417477258409e-04 6.677562180003308e+00
36.5 6.581749783518301e-04 6.674639358659530e+00
36.6 6.584806249543563e-04 6.669838496518610e+00
36.7 6.587656898326628e-04 6.663252389313263e+00
36.8 6.590359874828089e-04 6.654870603429641e+00
36.9 6.592967269340462e-04 6.644579312362465e+00
37 6.595530654934595e-04 6.632145323226151e+00
37.1 6.598107951040003e-04 6.617178460662872e+00
37.2 6.600774531477103e-04 6.599058405701764e+00
37.3 6.603645600735862e-04 6.576796551228543e+00
37.4 6.606930338085075e-04 6.548778208297325e+00
37.5 6.611087862284000e-04 6.512370075385855e+00
37.6 6.617325007698767e-04 6.464595988410215e+00
37.7 6.628315470174255e-04 6.414751582320794e+00
37.8 6.644723665402917e-04 6.397701424227613e+00
37.9 6.663918875887615e-04 6.416789644438881e+00
38 6.684340801315030e-04 6.451971265023234e+00
38.1 6.704795420923806e-04 6.484933310809748e+00
38.2 6.724499518043729e-04 6.506687955073952e+00
38.3 6.743984016262094e-04 6.527532887377085e+00
38.4 6.762807913681993e-04 6.557515524105893e+00
38.5 6.778159786282394e-04 6.591022686897370e+00
38.6 6.790169281784402e-04 6.620424665529411e+00
38.7 6.799529846418294e-04 6.642605578822641e+00
38.8 6.806972109476327e-04 6.658134669251429e+00
38.9 6.813049682614850e-04 6.668374476226196e+00
39 6.818145857720495e-04 6.674533030291269e+00
39.1 6.822522912115233e-04 6.677505265404703e+00
39.2 6.826363323701904e-04 6.677914025951711e+00
39.3 6.829797609974594e-04 6.676176574139518e+00
39.4 6.832922283154348e-04 6.672557515640149e+00
39.5 6.835811525707753e-04 6.667203965168693e+00
39.6 6.838525091097148e-04 6.660165644185988e+00
39.7 6.841114078256769e-04 6.651402419461860e+00
39.8 6.843625765949820e-04 6.640779912219927e+00
39.9 6.846108609999013e-04 6.628051149407371e+00
40 6.848618921353408e-04 6.612818195829262e+00
40.1 6.851232190774234e-04 6.594460646830770e+00
40.2 6.854066342474248e-04 6.572005347345165e+00
40.3 6.857337947562242e-04 6.543899192717699e+00
40.4 6.861519981325890e-04 6.507750629004827e+00
40.5 6.867798684503314e-04 6.461579881106964e+00
40.6 6.878456923491246e-04 6.415975206624011e+00
40.7 6.893809574774324e-04 6.400386617732744e+00
40.8 6.911753278754634e-04 6.417338456216255e+00
40.9 6.931002850521664e-04 6.450859859306316e+00
41 6.950528225514141e-04 6.485190937392947e+00
41.1 6.969467240373885e-04 6.509704247590347e+00
41.2 6.987853935970480e-04 6.527230220233243e+00
41.3 7.006251447846102e-04 6.550739827769841e+00
41.4 7.022144695131640e-04 6.579476301895797e+00
41.5 7.035006458605760e-04 6.608817239271244e+00
41.6 7.045168989267469e-04 6.632935078288420e+00
41.7 7.053252101699924e-04 6.650762185534229e+00
41.8 7.059816343126567e-04 6.663120462214001e+00
41.9 7.065277730204017e-04 6.671120252315196e+00
42 7.069928737934154e-04 6.675692615267314e+00
42.1 7.073974457540650e-04 6.677525697987096e+00
42.2 7.077561251629348e-04 6.677101695536607e+00
42.3 7.080796363856992e-04 6.674744419616533e+00
42.4 7.083760921158166e-04 6.670656488660605e+00
42.5 7.086518668038898e-04 6.664943844293850e+00
42.6 7.089122101731507e-04 6.657629128435846e+00
42.7 7.091617166601766e-04 6.648655206435956e+00
42.8 7.094047414238740e-04 6.637878694743334e+00
42.9 7.096458570043506e-04 6.625051199182723e+00
43 7.098904919240330e-04 6.609782588267041e+00
43.1 7.101460366590545e-04 6.591474864757976e+00
43.2 7.104241152479095e-04 6.569206270307419e+00
43.3 7.107459843125110e-04 6.541544433545474e+00
43.4 7.111570713143236e-04 6.506407049973597e+00
43.5 7.117652513405511e-04 6.462503597403876e+00
43.6 7.127619465132466e-04 6.419642470265099e+00
43.7 7.141782336099104e-04 6.402802818000184e+00
43.8 7.158462865798956e-04 6.416024533809061e+00
43.9 7.176554231271956e-04 6.446897156149937e+00
44 7.195179279819067e-04 6.481963664579077e+00
44.1 7.213480163415711e-04 6.510156251553567e+00
44.2 7.231092254562830e-04 6.528422236543984e+00
44.3 7.248640504225825e-04 6.546822121850921e+00
44.4 7.264938980574651e-04 6.568762642928238e+00
44.5 7.278653446985028e-04 6.595734153526942e+00
44.6 7.289770707786140e-04 6.621027725786246e+00
44.7 7.298676259980283e-04 6.641212214091856e+00
44.8 7.305885603710151e-04 6.656001707803501e+00
44.9 7.311838556775736e-04 6.666178502160157e+00
45 7.316862176548834e-04 6.672638840487397e+00
45.1 7.321190680308532e-04 6.676122210618909e+00
45.2 7.324991934127810e-04 6.677178561129851e+00
45.3 7.328388306678870e-04 6.676196436675860e+00
45.4 7.331471244825123e-04 6.673437422976756e+00
45.5 7.334311202871970e-04 6.669063217950981e+00
45.6 7.336964509067232e-04 6.663153440025516e+00
45.7 7.339478344926612e-04 6.655714899820534e+00
45.8 7.341894698278084e-04 6.646682917312903e+00
45.9 7.344254013496549e-04 6.635914193411650e+00
46 7.346599349173866e-04 6.623169029113427e+00
46.1 7.348982316294893e-04 6.608077970102745e+00
46.2 7.351473383179283e-04 6.590083560379952e+00
46.3 7.354182752086469e-04 6.568342246577504e+00
46.4 7.357308575480584e-04 6.541578171600825e+00
46.5 7.361260566861458e-04 6.508020931623072e+00
46.6 7.366961670970786e-04 6.466705259688192e+00
46.7 7.376012041471218e-04 6.425492037824164e+00
46.8 7.388885349051231e-04 6.405592269110814e+00
46.9 7.404275316294725e-04 6.413656756028134e+00
47 7.421189914736935e-04 6.440626060440119e+00
47.1 7.438887482746154e-04 6.475190693624272e+00
47.2 7.456583084278985e-04 6.506806659059312e+00
47.3 7.473683884588265e-04 6.528928778456772e+00
47.4 7.490286094200025e-04 6.544373044334738e+00
47.5 7.506669514457340e-04 6.561547617696782e+00
47.6 7.521052151421171e-04 6.582871638301615e+00
47.7 7.533168715526636e-04 6.607310262153421e+00
47.8 7.543063203425056e-04 6.629284654103722e+00
47.9 7.551098233328327e-04 6.646616591014613e+00
48 7.557698150340558e-04 6.659283507116172e+00
48.1 7.563218941276178e-04 6.667956976808954e+00
48.2 7.567928450317753e-04 6.673367715651326e+00
48.3 7.572022118988524e-04 6.676120739575970e+00
48.4 7.575642734420226e-04 6.676671139967114e+00
48.5 7.578896245623141e-04 6.675343696702442e+00
48.6 7.581863103585048e-04 6.672358108266268e+00
48.7 7.584606189444985e-04 6.667849315109210e+00
48.8 7.587176438487715e-04 6.661880964324897e+00
48.9 7.589617024916146e-04 6.654452184578740e+00
49 7.591966773562769e-04 6.645497849114608e+00
49.1 7.594263389359589e-04 6.634881724909721e+00
49.2 7.596547195732257e-04 6.622380578606864e+00
49.3 7.598866483228692e-04 6.607655224543204e+00
49.4 7.601286676518106e-04 6.590201336846767e+00
49.5 7.603908459328763e-04 6.569269654989709e+00
49.6 7.606908128878808e-04 6.543754638820742e+00
49.7 7.610635861456084e-04 6.512166693949886e+00
49.8 7.615843372915741e-04 6.473616508728447e+00
49.9 7.623854273308878e-04 6.433599096615224e+00
50 7.635352505045500e-04 6.409632587694090e+00
50.1 7.649408422983031e-04 6.411271904044389e+00
50.2 7.665105173309192e-04 6.432919012367391e+00
50.3 7.681807442996212e-04 6.465306563777601e+00
50.4 7.698842086772313e-04 6.499001474863269e+00
50.5 7.715549472404425e-04 6.526110660979521e+00
50.6 7.731619973356468e-04 6.543937774207869e+00
50.7 7.747441217776254e-04 6.558580519218733e+00
50.8 7.762304423489075e-04 6.573215964671441e+00
50.9 7.775265343533786e-04 6.593376845595788e+00
51 7.786222013018696e-04 6.615322012881047e+00
51.1 7.795256271427833e-04 6.634723098290054e+00
51.2 7.802683831541063e-04 6.650006688212083e+00
51.3 7.808857096887038e-04 6.661200230133762e+00
51.4 7.814073096551268e-04 6.668855638382850e+00
51.5 7.818559089553120e-04 6.673576423324922e+00
51.6 7.822483973309994e-04 6.675870743872931e+00
51.7 7.825973251341672e-04 6.676126997344683e+00
51.8 7.829121444227635e-04 6.674625941655512e+00
51.9 7.832001253095085e-04 6.671559170680463e+00
52 7.834670129713871e-04 6.667044738902718e+00
52.1 7.837175041559317e-04 6.661137736474803e+00
52.2 7.839556087850297e-04 6.653835574870709e+00
52.3 7.841849495986965e-04 6.645077921973746e+00
52.4 7.844090485215792e-04 6.634740698032887e+00
52.5 7.846316576379688e-04 6.622622555849779e+00
52.6 7.848572261806022e-04 6.608420730633364e+00
52.7 7.850916819830984e-04 6.591690962234088e+00
52.8 7.853439273296731e-04 6.571784518915074e+00
52.9 7.856290328861913e-04 6.547764063381852e+00
53 7.859756277669547e-04 6.518382932045250e+00
53.1 7.864424440192104e-04 6.482730311797289e+00
53.2 7.871359926795823e-04 6.444062380169488e+00
53.3 7.881413890574954e-04 6.415881044403374e+00
53.4 7.894075988895821e-04 6.410100858322914e+00
53.5 7.908500085668932e-04 6.424972193103205e+00
53.6 7.924117085610411e-04 6.453278593138029e+00
53.7 7.940372876283612e-04 6.486958150745140e+00
53.8 7.956650953112430e-04 6.518197153384765e+00
53.9 7.972441146276881e-04 6.541417865539417e+00
54 7.987655981094478e-04 6.556601242326220e+00
54.1 8.002643655713487e-04 6.569587483653232e+00
54.2 8.016143330497866e-04 6.582428945252091e+00
54.3 8.028031141823518e-04 6.600922342207206e+00
54.4 8.038150759672604e-04 6.620660766034988e+00
54.5 8.046581943629776e-04 6.638100448793113e+00
54.6 8.053589404942186e-04 6.651926328518646e+00
54.7 8.059469368764786e-04 6.662120354554440e+00
54.8 8.064476272662129e-04 6.669119490931234e+00
54.9 8.068808798737873e-04 6.673426370625419e+00
55 8.072617319619053e-04 6.675476884737587e+00
55.1 8.076015303540457e-04 6.675611383170289e+00
55.2 8.079089298333689e-04 6.674080006210181e+00
55.3 8.081906563048964e-04 6.671055856124788e+00
55.4 8.084520681733292e-04 6.666647153368335e+00
55.5 8.086975715921617e-04 6.660905814405147e+00
55.6 8.089309401195138e-04 6.653831871063206e+00
55.7 8.091555815071784e-04 6.645373511567790e+00
55.8 8.093747917840789e-04 6.635422218093752e+00
55.9 8.095920441517929e-04 6.623801775507133e+00
56 8.098113857460957e-04 6.610248831190693e+00
56.1 8.100380796765384e-04 6.594381216473453e+00
56.2 8.102797872540323e-04 6.575649361364807e+00
56.3 8.105489805131637e-04 6.553272586967698e+00
56.4 8.108682513646241e-04 6.526214554284185e+00
56.5 8.112818863208858e-04 6.493552238896576e+00
56.6 8.118720730958205e-04 6.456776689488021e+00
56.7 8.127298377754569e-04 6.425165060419450e+00
56.8 8.138492180197613e-04 6.411487013100493e+00
56.9 8.151579515652055e-04 6.418247657061050e+00
57 8.166015642396382e-04 6.440542146777615e+00
57.1 8.181345266487866e-04 6.471755493284689e+00
57.2 8.197048981125598e-04 6.504901487424565e+00
57.3 8.212582516975052e-04 6.533570851283245e+00
57.4 8.227569188345094e-04 6.553960040050185e+00
57.5 8.242058925687896e-04 6.567541649537462e+00
57.6 8.256069649295915e-04 6.577916578926884e+00
57.7 8.268570119032424e-04 6.589532199759651e+00
57.8 8.279650575698287e-04 6.606157675280708e+00
57.9 8.289170657582679e-04 6.623981920136722e+00
58 8.297186741775178e-04 6.639919456310387e+00
58.1 8.303913897072935e-04 6.652720503571899e+00
58.2 8.309603098766014e-04 6.662269696561843e+00
58.3 8.314476804083584e-04 6.668892129105280e+00
58.4 8.318713016496658e-04 6.673005466827084e+00
58.5 8.322449026139033e-04 6.674988848799672e+00
58.6 8.325789951223070e-04 6.675146869701300e+00
58.7 8.328816873807378e-04 6.673708241423646e+00
58.8 8.331593336453184e-04 6.670834379294545e+00
58.9 8.334170257082227e-04 6.666628770682017e+00
59 8.336589633172750e-04 6.661144073715302e+00
59.1 8.338887423175530e-04 6.654386031483168e+00
59.2 8.341095951699530e-04 6.646313845989086e+00
59.3 8.343246168978045e-04 6.636836552143022e+00
59.4 8.345370148022217e-04 6.625804471344745e+00
59.5 8.347504385391430e-04 6.612994070904465e+00
59.6 8.349694921843618e-04 6.598083575970943e+00
59.7 8.352006362088675e-04 6.580616160215580e+00
59.8 8.354539420411763e-04 6.559951610775584e+00
59.9 8.357467660859992e-04 6.535237483567114e+00
60 8.361115458640910e-04 6.505590740547821e+00
