0.1 1.115717473673376e-04 6.723354096691200e+00
0.2 1.591254550087630e-04 7.054563117747444e+00
0.3 1.864848652933837e-04 6.902950963698258e+00
0.4 2.117825762575128e-04 6.877625405934879e+00
0.5 2.367163306495844e-04 6.920040064789034e+00
0.6 2.612668614873543e-04 7.015223572788008e+00
0.7 2.847868194156243e-04 7.152123696277835e+00
0.8 2.882490312144992e-04 6.661692935541499e+00
0.9 3.121503854365128e-04 6.885345789089249e+00
1 3.359567449198148e-04 7.096342797537458e+00
1.1 3.386161954052170e-04 6.662320948401574e+00
1.2 3.619803977632307e-04 6.954446257668565e+00
1.3 3.844334487751731e-04 7.208881393813621e+00
1.4 3.873802968609490e-04 6.874836602518194e+00
1.5 4.105859181520643e-04 7.157485919021032e+00
1.6 4.126102849468199e-04 6.836599313708492e+00
1.7 4.358612984716195e-04 7.141944898288048e+00
1.8 4.376525541090689e-04 6.839042777078809e+00
1.9 4.607218932730020e-04 7.160728262721644e+00
2 4.625129435616316e-04 6.877501441271585e+00
2.1 4.851316276296395e-04 7.206187681628096e+00
2.2 4.872606156298065e-04 6.941963195226425e+00
2.3 5.082716731829784e-04 7.254660943860923e+00
2.4 5.118831279302444e-04 7.027076354138584e+00
2.5 5.137470385649211e-04 6.729382301364666e+00
2.6 5.361921712661349e-04 7.132311606529571e+00
2.7 5.375740058049859e-04 6.889123628445844e+00
2.8 5.594935631150354e-04 7.245373831097348e+00
2.9 5.619547623503829e-04 7.025239882596638e+00
3 5.635770427909179e-04 6.757273372354513e+00
3.1 5.859008395928278e-04 7.170500404831893e+00
3.2 5.873347831835217e-04 6.952475701640733e+00
3.3 6.048774136790199e-04 7.200328946225000e+00
3.4 6.114096295946719e-04 7.119744846339108e+00
3.5 6.125787103322430e-04 6.907201862825479e+00
3.6 6.334050270304237e-04 7.270084674891208e+00
3.7 6.366119696935410e-04 7.096001436266918e+00
3.8 6.377033943099600e-04 6.888850215099367e+00
3.9 6.588594126219761e-04 7.269403309735575e+00
4 6.616356939030395e-04 7.096209560199874e+00
4.1 6.626848293075797e-04 6.897458862076061e+00
4.2 6.833783322406587e-04 7.274692140712756e+00
4.3 6.865092656676706e-04 7.117461579724328e+00
4.4 6.875428578052609e-04 6.929534732060747e+00
4.5 7.056708427043183e-04 7.233998204093107e+00
4.6 7.112065008992154e-04 7.157058882034850e+00
4.7 7.123173183978016e-04 6.979793019591048e+00
4.8 7.144398438563038e-04 6.741901814549070e+00
4.9 7.356136552170516e-04 7.211897370027941e+00
5 7.370075503682918e-04 7.044535774613962e+00
5.1 7.380388515440842e-04 6.854399205329819e+00
5.2 7.592111065898798e-04 7.272047101789399e+00
5.3 7.615400992358605e-04 7.122090349319577e+00
5.4 7.624791596878121e-04 6.954536326788290e+00
5.5 7.665454502138964e-04 6.736278687840549e+00
5.6 7.856970838060074e-04 7.210309135499188e+00
5.7 7.869853846346016e-04 7.054683445132756e+00
5.8 7.879156817243808e-04 6.880516079512946e+00
5.9 8.081178253337220e-04 7.282198810855481e+00
6 8.112589370070778e-04 7.161323799647806e+00
6.1 8.122449973004301e-04 7.008174653890692e+00
6.2 8.134274983289415e-04 6.821463881220428e+00
6.3 8.345501324719946e-04 7.268987769948913e+00
6.4 8.365241111043075e-04 7.131528652000171e+00
6.5 8.373963694906753e-04 6.981094359736135e+00
6.6 8.389727402881432e-04 6.784083998716403e+00
6.7 8.599732770939823e-04 7.256089065565849e+00
6.8 8.616256369163174e-04 7.119812351711040e+00
6.9 8.624529013130008e-04 6.972942273182113e+00
7 8.641823540321445e-04 6.776810451313648e+00
7.1 8.849959469343786e-04 7.256602048372606e+00
7.2 8.866062629206758e-04 7.124620626392528e+00
7.3 8.874175180430947e-04 6.982723750286599e+00
7.4 8.888414253412819e-04 6.799148005700585e+00
7.5 9.096631179630076e-04 7.269595256980118e+00
7.6 9.114711178478728e-04 7.144422199279157e+00
7.7 9.122992739533809e-04 7.008482323162376e+00
7.8 9.133414773340661e-04 6.843955697923293e+00
7.9 9.337031731315046e-04 7.287015433508153e+00
8 9.361949210036439e-04 7.177647073288361e+00
8.1 9.371048818294646e-04 7.047829514366896e+00
8.2 9.379108815459262e-04 6.901339020569962e+00
8.3 9.547359737761927e-04 7.219694841311084e+00
8.4 9.606899573655550e-04 7.222497489486152e+00
8.5 9.618198132877822e-04 7.098757052230771e+00
8.6 9.625471565991827e-04 6.965859289895731e+00
8.7 9.642154762286472e-04 6.788288121392494e+00
8.8 9.846294657699002e-04 7.273596049813381e+00
8.9 9.863853767569416e-04 7.159857490116981e+00
9 9.871898515542356e-04 7.036246968667026e+00
9.1 9.879966308984308e-04 6.894529466919211e+00
9.2 1.004874516408073e-03 7.225282212356781e+00
9.3 1.010622621680612e-03 7.229528972671853e+00
9.4 1.011750036834055e-03 7.112957437922874e+00
9.5 1.012450522663647e-03 6.988780809212572e+00
9.6 1.013585097094472e-03 6.833145333707414e+00
9.7 1.033596092968805e-03 7.290464205304705e+00
9.8 1.036060296485550e-03 7.196415487812484e+00
9.9 1.036959192695777e-03 7.081280414330711e+00
10 1.037640305745775e-03 6.956187083683341e+00
10.1 1.039437829148192e-03 6.787925213073749e+00
10.2 1.059474685182236e-03 7.280029955062085e+00
10.3 1.061267818746702e-03 7.177182587597100e+00
10.4 1.062068261976613e-03 7.064101772251814e+00
10.5 1.062753052103526e-03 6.939210579723836e+00
10.6 1.065378497145390e-03 6.771590481187301e+00
10.7 1.084738846244215e-03 7.273750292512493e+00
10.8 1.086333631259424e-03 7.171292378748632e+00
10.9 1.087096552528978e-03 7.060760914144366e+00
11 1.087772451430709e-03 6.938292303247447e+00
11.1 1.090340738685239e-03 6.774456788541267e+00
11.2 1.109654115932613e-03 7.276901795857321e+00
11.3 1.111284385325263e-03 7.177855407255419e+00
11.4 1.112051143924344e-03 7.070387599565700e+00
11.5 1.112699469933700e-03 6.952559218681380e+00
11.6 1.114445424061195e-03 6.795348292498085e+00
11.7 1.134183041192980e-03 7.287430475822116e+00
11.8 1.136115224116959e-03 7.195906021578651e+00
11.9 1.136933089057443e-03 7.091858949904805e+00
12 1.137554410181146e-03 6.979933147889335e+00
12.1 1.138668327395681e-03 6.839157270183273e+00
12.2 1.157891660542558e-03 7.291662094611829e+00
12.3 1.160784882228762e-03 7.224314093779988e+00
12.4 1.161734031197610e-03 7.123948661018003e+00
12.5 1.162356886354296e-03 7.018010710399342e+00
12.6 1.163128962191662e-03 6.894072981847522e+00
12.7 1.176526187743575e-03 7.115733743607393e+00
12.8 1.185161812026453e-03 7.260917136312770e+00
12.9 1.186424309986506e-03 7.165560921865203e+00
13 1.187108098739635e-03 7.064893980806992e+00
13.1 1.187726265585594e-03 6.954085595002943e+00
13.2 1.189280851934150e-03 6.808616364982931e+00
13.3 1.208704129612966e-03 7.293527943825055e+00
13.4 1.210920111518166e-03 7.215674537931307e+00
13.5 1.211781216024048e-03 7.119465654335551e+00
13.6 1.212375488459112e-03 7.017855776181488e+00
13.7 1.213120011518393e-03 6.899333949617557e+00
13.8 1.222988125284039e-03 6.984092221433876e+00
13.9 1.234941633184395e-03 7.270797963457867e+00
14 1.236302055150584e-03 7.181172163996314e+00
14.1 1.237002733286934e-03 7.085687394650025e+00
14.2 1.237579622618494e-03 6.982661079224243e+00
14.3 1.238572888612577e-03 6.855393638893111e+00
14.4 1.256478187531605e-03 7.272266857521609e+00
14.5 1.260448203396725e-03 7.248724007496679e+00
14.6 1.261509705011520e-03 7.158384488183204e+00
14.7 1.262137422201394e-03 7.063842221590839e+00
14.8 1.262724200295809e-03 6.959871779146962e+00
14.9 1.264037936679478e-03 6.826424662359111e+00
15 1.282918657297758e-03 7.293511925196199e+00
15.1 1.285669599558722e-03 7.236090796655228e+00
15.2 1.286608031804775e-03 7.146882795231522e+00
15.3 1.287202293273794e-03 7.053664329801744e+00
15.4 1.287795979048247e-03 6.950152462470101e+00
15.5 1.289307424896315e-03 6.815919279093631e+00
15.6 1.308229378762024e-03 7.295319730275512e+00
15.7 1.310717167952239e-03 7.233583426919063e+00
15.8 1.311621308190703e-03 7.146101604972988e+00
15.9 1.312203395967548e-03 7.054760161848792e+00
16 1.312785108403218e-03 6.953538082829169e+00
16.1 1.314178891832808e-03 6.823414432737565e+00
16.2 1.332879073693636e-03 7.293747436182977e+00
16.3 1.335615993719186e-03 7.240743310849132e+00
16.4 1.336556136421186e-03 7.155408237131058e+00
16.5 1.337143917108217e-03 7.066454599973239e+00
16.6 1.337698050696096e-03 6.969087900352264e+00
16.7 1.338784010815752e-03 6.847444939561875e+00
16.8 1.356485237270961e-03 7.273546167897763e+00
16.9 1.360339442058826e-03 7.256613151040061e+00
17 1.361406082923177e-03 7.174113161145058e+00
17.1 1.362024931004352e-03 7.087835916951795e+00
17.2 1.362552671075739e-03 6.995152660153874e+00
17.3 1.363355475338283e-03 6.884528641745203e+00
17.4 1.375170014102600e-03 7.072870735235419e+00
17.5 1.384775387468891e-03 7.278830074000922e+00
17.6 1.386145850668931e-03 7.201488689804724e+00
17.7 1.386841080924849e-03 7.117939046768814e+00
17.8 1.387363473759584e-03 7.029964734706717e+00
17.9 1.387979903125705e-03 6.930047428598402e+00
18 1.390075066408358e-03 6.803044902976928e+00
18.1 1.408503878062135e-03 7.296496967249983e+00
18.2 1.410707373272759e-03 7.236564432701078e+00
18.3 1.411572060919757e-03 7.155933249338116e+00
18.4 1.412130832811258e-03 7.072114205396013e+00
18.5 1.412652690473727e-03 6.981031523663364e+00
18.6 1.413548008246105e-03 6.870458774511457e+00
18.7 1.428139128990688e-03 7.178898933536575e+00
18.8 1.434884244290875e-03 7.276180376542134e+00
18.9 1.436163619343643e-03 7.201147861703094e+00
19 1.436834630281133e-03 7.120734327088546e+00
19.1 1.437341796148220e-03 7.036269032709441e+00
19.2 1.437921042966293e-03 6.941279069011980e+00
19.3 1.439487616795988e-03 6.820378219839116e+00
19.4 1.457664554254235e-03 7.292818479608429e+00
19.5 1.460461137042247e-03 7.252177132116294e+00
19.6 1.461420648074870e-03 7.175443648420138e+00
19.7 1.462002192199032e-03 7.095596030778324e+00
19.8 1.462495185891842e-03 7.010493533986762e+00
19.9 1.463162048839914e-03 6.911907789293045e+00
20 1.466437013169107e-03 6.806108419486160e+00
20.1 1.483807084614976e-03 7.295974754776244e+00
20.2 1.485743330709131e-03 7.235666086328782e+00
20.3 1.486562548463009e-03 7.159393273568211e+00
20.4 1.487100653161189e-03 7.080301201669178e+00
20.5 1.487592537252855e-03 6.995106033415777e+00
20.6 1.488337396062661e-03 6.894545721022086e+00
20.7 1.494669783957607e-03 6.880400498989722e+00
20.8 1.509209276880892e-03 7.292158289382166e+00
20.9 1.510861318927802e-03 7.227868854509177e+00
21 1.511621679574955e-03 7.152643948074507e+00
21.1 1.512139958999682e-03 7.074634479068201e+00
21.2 1.512629090732743e-03 6.990286480892101e+00
21.3 1.513397032261505e-03 6.890282203362949e+00
21.4 1.520618076962019e-03 6.912550732974470e+00
21.5 1.534237296341480e-03 7.291944286380016e+00
21.6 1.535856953690560e-03 7.228653773503849e+00
21.7 1.536610465199589e-03 7.154779636046253e+00
21.8 1.537124196582695e-03 7.078242067285417e+00
21.9 1.537603428011409e-03 6.995779017981335e+00
22 1.538323591985662e-03 6.898945387894279e+00
22.1 1.543144920268650e-03 6.840505739352146e+00
22.2 1.558926122416332e-03 7.295599957971239e+00
22.3 1.560734489574142e-03 7.237563156304511e+00
22.4 1.561530502454779e-03 7.165327631569487e+00
22.5 1.562055189078169e-03 7.090582314822127e+00
22.6 1.562521038309778e-03 7.010826666923279e+00
22.7 1.563150725401322e-03 6.919110269414467e+00
22.8 1.565490239072958e-03 6.810371824444489e+00
22.9 1.583078448371657e-03 7.296584303337168e+00
23 1.585465050010020e-03 7.253842314414715e+00
23.1 1.586373137995422e-03 7.183771991806409e+00
23.2 1.586931889307248e-03 7.110984830035261e+00
23.3 1.587390624565843e-03 7.034351892384324e+00
23.4 1.587928712076667e-03 6.948628182290013e+00
23.5 1.589168541819639e-03 6.842492543911687e+00
23.6 1.605677221028034e-03 7.256833226294147e+00
23.7 1.609956895893715e-03 7.275728622219638e+00
23.8 1.611112873325891e-03 7.209552044913679e+00
23.9 1.611746594043934e-03 7.138771057759770e+00
24 1.612217157084690e-03 7.065244440093680e+00
24.1 1.612689548425956e-03 6.985380525563631e+00
24.2 1.613453297136829e-03 6.890939081388012e+00
24.3 1.619409975899880e-03 6.878736101759497e+00
24.4 1.633911603693210e-03 7.296079660393682e+00
24.5 1.635685612714174e-03 7.241827191722031e+00
24.6 1.636477295635275e-03 7.173357943934973e+00
24.7 1.636995601081610e-03 7.102599924715597e+00
24.8 1.637440530776575e-03 7.027811910011980e+00
24.9 1.637983748188900e-03 6.943800358696655e+00
25 1.639287716577378e-03 6.840261348830457e+00
25.1 1.655688339491588e-03 7.257360660304516e+00
25.2 1.659907943997900e-03 7.277735859466295e+00
25.3 1.661069228575564e-03 7.214193958446059e+00
25.4 1.661704070674074e-03 7.145836683962024e+00
25.5 1.662169474523435e-03 7.075051417703570e+00
25.6 1.662619687749780e-03 6.998870675316590e+00
25.7 1.663277260054106e-03 6.910635923754350e+00
25.8 1.665998373294177e-03 6.815509141103561e+00
25.9 1.682990300281204e-03 7.296351120036622e+00
26 1.685371216115004e-03 7.259723613118423e+00
26.1 1.686287573643401e-03 7.194634812710612e+00
26.2 1.686845257064444e-03 7.126807934596123e+00
26.3 1.687286516893324e-03 7.056099542681670e+00
26.4 1.687753487467721e-03 6.978910819392606e+00
26.5 1.688540563660991e-03 6.887537285886067e+00
26.6 1.694669644540562e-03 6.889990195454607e+00
26.7 1.708777717233620e-03 7.297179149332479e+00
26.8 1.710597369402923e-03 7.248074022501972e+00
26.9 1.711403017494461e-03 7.183170611029102e+00
27 1.711922373631454e-03 7.116062443377226e+00
27.1 1.712352300427392e-03 7.045769486239954e+00
27.2 1.712831783624156e-03 6.968422199653350e+00
27.3 1.713709269709441e-03 6.875974243054179e+00
27.4 1.722772425554539e-03 6.995863846932215e+00
27.5 1.734037036211234e-03 7.295343551483212e+00
27.6 1.735676044446979e-03 7.243678843724270e+00
27.7 1.736440637561049e-03 7.179549301540959e+00
27.8 1.736944629719964e-03 7.113362479271370e+00
27.9 1.737368134523385e-03 7.043968787614598e+00
28 1.737845561006270e-03 6.967567976177185e+00
28.1 1.738721735401021e-03 6.876406872468691e+00
28.2 1.747387797193610e-03 6.982922058385350e+00
28.3 1.758959233595510e-03 7.296106408393747e+00
28.4 1.760634569040828e-03 7.246450470317172e+00
28.5 1.761409128673831e-03 7.183448526386010e+00
28.6 1.761915614173633e-03 7.118389371434082e+00
28.7 1.762335441140499e-03 7.050383632949575e+00
28.8 1.762795101861915e-03 6.975995877580083e+00
28.9 1.763579578235331e-03 6.888262370749259e+00
29 1.769001617623667e-03 6.873862428970444e+00
29.1 1.783514685615567e-03 7.298058550482209e+00
29.2 1.785466751913712e-03 7.255937619737256e+00
29.3 1.786306477214965e-03 7.194501886439133e+00
29.4 1.786835260412654e-03 7.130734959101019e+00
29.5 1.787256708493627e-03 7.064480994643678e+00
29.6 1.787690465540167e-03 6.992879377379893e+00
29.7 1.788344589930681e-03 6.910159782757463e+00
29.8 1.790832849225243e-03 6.821939051559982e+00
29.9 1.807401839213779e-03 7.290800745425038e+00
30 1.810127817770776e-03 7.271157202848933e+00
30.1 1.811118477810044e-03 7.212291815105457e+00
30.2 1.811698797939041e-03 7.149940971954509e+00
30.3 1.812133575014455e-03 7.085602497406046e+00
30.4 1.812544678522988e-03 7.017140848669870e+00
30.5 1.813079270318675e-03 6.940135792894251e+00
30.6 1.814342220881327e-03 6.847517291226190e+00
30.7 1.829079875996231e-03 7.213492183870533e+00
30.8 1.834486054815354e-03 7.289221665445556e+00
30.9 1.835808799228931e-03 7.236245665240960e+00
31 1.836492700822001e-03 7.175554393835695e+00
31.1 1.836963199434474e-03 7.113096462010491e+00
31.2 1.837366029784349e-03 7.047722504014450e+00
31.3 1.837814911369788e-03 6.976259966170896e+00
31.4 1.838571528682780e-03 6.892571241132432e+00
31.5 1.842823788221342e-03 6.848292956709541e+00
31.6 1.858086126571416e-03 7.297064107578803e+00
31.7 1.860286497106518e-03 7.265028063059697e+00
31.8 1.861184996097142e-03 7.207122677573253e+00
31.9 1.861733189216725e-03 7.146429713662585e+00
32 1.862153302975024e-03 7.083787422705409e+00
32.1 1.862555868701130e-03 7.017134555936170e+00
32.2 1.863079112789157e-03 6.942367119401828e+00
32.3 1.864266229610864e-03 6.853009649888088e+00
32.4 1.877881177991403e-03 7.176086607150574e+00
32.5 1.884274218204561e-03 7.292856103451482e+00
32.6 1.885698013631306e-03 7.243847786987566e+00
32.7 1.886412190800148e-03 7.185217866279296e+00
32.8 1.886892184944793e-03 7.124811480168172e+00
32.9 1.887289938898253e-03 7.061988549994732e+00
33 1.887707416930468e-03 6.994183996996563e+00
33.1 1.888326931982519e-03 6.916517607446942e+00
33.2 1.890299271416698e-03 6.829466846179113e+00
33.3 1.906346385422084e-03 7.272928562810514e+00
33.4 1.909803446773034e-03 7.282134043113718e+00
33.5 1.910923789010136e-03 7.228955821225953e+00
33.6 1.911547157380668e-03 7.170566698546201e+00
33.7 1.911991577169827e-03 7.110569991355757e+00
33.8 1.912379942741204e-03 7.047775300912593e+00
33.9 1.912814349172015e-03 6.979327201245399e+00
34 1.913523678648811e-03 6.899916878150870e+00
34.1 1.916621105659471e-03 6.832310020214734e+00
34.2 1.932410589649585e-03 7.290882846688253e+00
34.3 1.935043297278028e-03 7.274857605056960e+00
34.4 1.936033940202353e-03 7.220819623877224e+00
34.5 1.936614095082418e-03 7.162995951878500e+00
34.6 1.937040869183641e-03 7.103576368308270e+00
34.7 1.937424412148629e-03 7.041186554632930e+00
34.8 1.937866917984497e-03 6.972888944869195e+00
34.9 1.938620984487240e-03 6.893346169401017e+00
35 1.942412984376385e-03 6.844711914382610e+00
35.1 1.957670432610150e-03 7.293794840819420e+00
35.2 1.960100394909944e-03 7.272944703251346e+00
35.3 1.961055585804885e-03 7.219354463692730e+00
35.4 1.961623396338655e-03 7.162279813703572e+00
35.5 1.962044197963293e-03 7.103644197279596e+00
35.6 1.962423489663865e-03 7.042108932826066e+00
35.7 1.962859606471745e-03 6.974861121626061e+00
35.8 1.963589782564970e-03 6.896842603237014e+00
35.9 1.966893864646341e-03 6.837741592213701e+00
36 1.982373120964767e-03 7.290357682756045e+00
36.1 1.984999626474772e-03 7.276508826992308e+00
36.2 1.985995678984403e-03 7.224318378424309e+00
36.3 1.986577970507063e-03 7.168151681213649e+00
36.4 1.987003189534021e-03 7.110495548263625e+00
36.5 1.987378685906449e-03 7.050227626980530e+00
36.6 1.987795627562981e-03 6.984831181045671e+00
36.7 1.988446333168375e-03 6.909783139560139e+00
36.8 1.990660221428136e-03 6.831743886079741e+00
36.9 2.006306592682545e-03 7.272109902875652e+00
37 2.009713870230127e-03 7.284693780083701e+00
37.1 2.010845840601711e-03 7.235366574967315e+00
37.2 2.011474628264157e-03 7.180308098099999e+00
37.3 2.011917392362388e-03 7.123770836417666e+00
37.4 2.012292682034410e-03 7.065056737090956e+00
37.5 2.012685104509413e-03 7.002060709678245e+00
37.6 2.013236383852821e-03 6.931005250337710e+00
37.7 2.014595813235373e-03 6.848492426963581e+00
37.8 2.028192368505108e-03 7.187236719739929e+00
37.9 2.034135625806241e-03 7.294699012059432e+00
38 2.035576847119910e-03 7.251944181139987e+00
38.1 2.036302036269377e-03 7.198414372568108e+00
38.2 2.036782841007043e-03 7.143073073873900e+00
38.3 2.037167186805702e-03 7.086027588399487e+00
38.4 2.037539039903170e-03 7.025662097033159e+00
38.5 2.038001071781012e-03 6.959023647485970e+00
38.6 2.038862611056192e-03 6.881326387919168e+00
38.7 2.044278137305625e-03 6.892273311400571e+00
38.8 2.057913830830307e-03 7.295774131994058e+00
38.9 2.060115271605439e-03 7.272760608894877e+00
39 2.061033763044348e-03 7.222062105887771e+00
39.1 2.061588624512568e-03 7.168019631756612e+00
39.2 2.061999795445711e-03 7.112594461158247e+00
39.3 2.062363697616451e-03 7.054789925155166e+00
39.4 2.062761389849002e-03 6.992426275166428e+00
39.5 2.063349752678001e-03 6.921700049716154e+00
39.6 2.064956150546144e-03 6.842249858681680e+00
39.7 2.079319558737224e-03 7.221735433898934e+00
39.8 2.084256349061018e-03 7.293232015119369e+00
39.9 2.085608757341492e-03 7.250474245833266e+00
40 2.086309644035867e-03 7.198249922489603e+00
40.1 2.086779903696942e-03 7.144318763012278e+00
40.2 2.087157212578991e-03 7.088780597670430e+00
40.3 2.087520291523059e-03 7.030166650283102e+00
40.4 2.087961931099195e-03 6.965830180041056e+00
40.5 2.088737006368976e-03 6.891456289645785e+00
40.6 2.092381850647694e-03 6.850306225610582e+00
40.7 2.107184540509545e-03 7.287587024911459e+00
40.8 2.109864849731866e-03 7.280901696326585e+00
40.9 2.110888109636130e-03 7.233222384369457e+00
41 2.111481389734202e-03 7.180889554543179e+00
41.1 2.111906665873930e-03 7.127217961840343e+00
41.2 2.112267929755864e-03 7.071636860116365e+00
41.3 2.112638559372416e-03 7.012415669665925e+00
41.4 2.113129185152768e-03 6.946560668513230e+00
41.5 2.114131575171079e-03 6.870114975330889e+00
41.6 2.121764803374639e-03 6.971984909697034e+00
41.7 2.133199501716205e-03 7.297267072039443e+00
41.8 2.135171137480901e-03 7.270904837433177e+00
41.9 2.136043502414491e-03 7.221933998004246e+00
42 2.136581339320399e-03 7.169917429110417e+00
42.1 2.136982688958500e-03 7.116618538041473e+00
42.2 2.137336327291293e-03 7.061198204599656e+00
42.3 2.137714322240148e-03 7.001796871304240e+00
42.4 2.138242294504560e-03 6.935252778515534e+00
42.5 2.139439549763604e-03 6.858744465771252e+00
42.6 2.150149845244096e-03 7.088411396319413e+00
42.7 2.158589739555880e-03 7.297773336621643e+00
42.8 2.160303110364078e-03 7.265689515114853e+00
42.9 2.161111298745397e-03 7.216689583587976e+00
43 2.161624160016535e-03 7.165181622261030e+00
43.1 2.162014217705277e-03 7.112401770119428e+00
43.2 2.162363504551109e-03 7.057438478750408e+00
43.3 2.162742731174802e-03 6.998425241858196e+00
43.4 2.163281242565250e-03 6.932227026849937e+00
43.5 2.164534178179640e-03 6.856685652508695e+00
43.6 2.175704369882366e-03 7.107147507356491e+00
43.7 2.183620705777231e-03 7.297675870962305e+00
43.8 2.185303973759023e-03 7.265724494497493e+00
43.9 2.186105681502345e-03 7.217353636553490e+00
44 2.186615961936648e-03 7.166491733362331e+00
44.1 2.187003998771115e-03 7.114392719465270e+00
44.2 2.187350177620809e-03 7.060207331604875e+00
44.3 2.187722396342694e-03 7.002174338832378e+00
44.4 2.188239767508225e-03 6.937356864964581e+00
44.5 2.189373571459629e-03 6.863101329742220e+00
44.6 2.198557584676400e-03 7.034698375198657e+00
44.7 2.208320639162314e-03 7.297491222495893e+00
44.8 2.210178026734548e-03 7.270813293057989e+00
44.9 2.211027961276577e-03 7.223704348734826e+00
45 2.211557447072977e-03 7.173622677195484e+00
45.1 2.211952794949163e-03 7.122346970854039e+00
45.2 2.212297768307205e-03 7.069215244212710e+00
45.3 2.212656842804334e-03 7.012663171541860e+00
45.4 2.213129853046170e-03 6.950087848289659e+00
45.5 2.214048234338149e-03 6.878169418232019e+00
45.6 2.219461184177451e-03 6.903127030742843e+00
45.7 2.232537547145196e-03 7.291843653243278e+00
45.8 2.234895085305246e-03 7.280170832773100e+00
45.9 2.235867392326601e-03 7.235433997878078e+00
46 2.236444058491956e-03 7.186319052914483e+00
46.1 2.236859235711707e-03 7.135966259672187e+00
46.2 2.237207831023295e-03 7.084066883030710e+00
46.3 2.237552679215777e-03 7.029323257870512e+00
46.4 2.237973385691952e-03 6.969552494381168e+00
46.5 2.238677722394702e-03 6.901432102032738e+00
46.6 2.241146744259857e-03 6.842326184879915e+00
46.7 2.255650017981610e-03 7.257276492426546e+00
46.8 2.259363751740130e-03 7.291579906487154e+00
46.9 2.260594763802344e-03 7.252032315149822e+00
47 2.261263460286043e-03 7.204293300713404e+00
47.1 2.261718235079259e-03 7.154932749334781e+00
47.2 2.262080263385873e-03 7.104325654294828e+00
47.3 2.262416001771557e-03 7.051512340359855e+00
47.4 2.262790102110986e-03 6.994756663799008e+00
47.5 2.263328153863230e-03 6.931263936014062e+00
47.6 2.264560218307476e-03 6.859832803922844e+00
47.7 2.274403392459044e-03 7.064900917367767e+00
47.8 2.283315035917357e-03 7.297278261245569e+00
47.9 2.285140884229982e-03 7.272297802376352e+00
48 2.285988504711252e-03 7.227164716831471e+00
48.1 2.286517576344083e-03 7.178939109873371e+00
48.2 2.286910695758616e-03 7.129584258119124e+00
48.3 2.287248982836255e-03 7.078631278995472e+00
48.4 2.287590910461063e-03 7.024783547946119e+00
48.5 2.288016085208320e-03 6.965914923903478e+00
48.6 2.288740607000496e-03 6.898953035784483e+00
48.7 2.291339475832593e-03 6.845204078776269e+00
48.8 2.305639556056691e-03 7.256984784047789e+00
48.9 2.309321453711110e-03 7.292127496577949e+00
49 2.310558156113004e-03 7.254134675910445e+00
49.1 2.311230583303680e-03 7.207663270565552e+00
49.2 2.311686612161236e-03 7.159514432368031e+00
49.3 2.312047111102312e-03 7.110211159678497e+00
49.4 2.312376739866730e-03 7.058934428895856e+00
49.5 2.312734361215696e-03 7.004159975248978e+00
49.6 2.313223067746587e-03 6.943456169645498e+00
49.7 2.314207561134819e-03 6.874512611366002e+00
49.8 2.320073481492145e-03 6.923660523116677e+00
49.9 2.332461539026476e-03 7.290672011843661e+00
50 2.334814158262240e-03 7.282381599270725e+00
50.1 2.335797179709381e-03 7.240505610099196e+00
50.2 2.336379652503472e-03 7.193850246279928e+00
50.3 2.336795678887339e-03 7.145953735132523e+00
50.4 2.337138819196371e-03 7.096781909145101e+00
50.5 2.337466581851731e-03 7.045347383652762e+00
50.6 2.337841042018395e-03 6.989980445779990e+00
50.7 2.338390384603393e-03 6.928089641632623e+00
50.8 2.339667237275173e-03 6.859635521073254e+00
50.9 2.349340905623083e-03 7.063863502895394e+00
51 2.358194086197974e-03 7.296637809080388e+00
51.1 2.360060487435976e-03 7.275133043673483e+00
51.2 2.360925098809818e-03 7.232122963462568e+00
51.3 2.361461717811571e-03 7.185692648612275e+00
51.4 2.361856617433379e-03 7.138158415718963e+00
51.5 2.362190636306324e-03 7.089263787909717e+00
51.6 2.362517942541540e-03 7.037954128785822e+00
51.7 2.362902919888468e-03 6.982503595309941e+00
51.8 2.363490121452138e-03 6.920310296293110e+00
51.9 2.364972387404319e-03 6.853818829439851e+00
52 2.376385082486247e-03 7.131551026861916e+00
52.1 2.383449426681135e-03 7.297215662045157e+00
52.2 2.385149521636102e-03 7.272071526412815e+00
52.3 2.385969847371635e-03 7.229069258461266e+00
52.4 2.386488678015333e-03 7.183066729628854e+00
52.5 2.386874990997362e-03 7.136003831968120e+00
52.6 2.387204608375170e-03 7.087574446988839e+00
52.7 2.387529821830878e-03 7.036733760374470e+00
52.8 2.387914166849211e-03 6.981791533124439e+00
52.9 2.388501373117093e-03 6.920233727540626e+00
53 2.389974688585027e-03 6.854682286566557e+00
53.1 2.401112789117181e-03 7.122913172068388e+00
53.2 2.408376066265579e-03 7.297031879923192e+00
53.3 2.410109456983425e-03 7.273491350119635e+00
53.4 2.410941135364770e-03 7.231232137983688e+00
53.5 2.411464889685873e-03 7.185809419968436e+00
53.6 2.411852998514285e-03 7.139325913819747e+00
53.7 2.412181850824513e-03 7.091552399531684e+00
53.8 2.412502691019573e-03 7.041519976768589e+00
53.9 2.412874838246864e-03 6.987655808194561e+00
54 2.413424247722389e-03 6.927603445179583e+00
54.1 2.414684452728985e-03 6.861897545603494e+00
54.2 2.423493812457752e-03 7.036364700304694e+00
54.3 2.432950451070374e-03 7.295009122075291e+00
54.4 2.434933893015816e-03 7.279050201279228e+00
54.5 2.435836350154750e-03 7.238395997030389e+00
54.6 2.436389204103723e-03 7.193727471754565e+00
54.7 2.436790388285826e-03 7.147919031893684e+00
54.8 2.437123044511054e-03 7.100956359134363e+00
54.9 2.437438805239278e-03 7.052006470027837e+00
55 2.437791064088615e-03 6.999676580520064e+00
55.1 2.438279527886886e-03 6.941849339978216e+00
55.2 2.439253474311337e-03 6.877063021940750e+00
55.3 2.444342771955079e-03 6.906420225888303e+00
55.4 2.456947825559162e-03 7.283057878083060e+00
55.5 2.459577435125153e-03 7.287597123964423e+00
55.6 2.460639220121609e-03 7.250206080085855e+00
55.7 2.461254334413426e-03 7.206594748575855e+00
55.8 2.461683979995228e-03 7.161548147981466e+00
55.9 2.462027831141081e-03 7.115490681972919e+00
56 2.462341037647989e-03 7.067791871460271e+00
56.1 2.462671863962427e-03 7.017279824279711e+00
56.2 2.463094850915656e-03 6.962151650826925e+00
56.3 2.463816828385360e-03 6.900180428299915e+00
56.4 2.466174324687576e-03 6.850479056689870e+00
56.5 2.479502708400860e-03 7.227568855086036e+00
56.6 2.483913676492365e-03 7.295754485345793e+00
56.7 2.485309974851293e-03 7.265949322382999e+00
56.8 2.486043223381154e-03 7.224120128534418e+00
56.9 2.486525756906525e-03 7.179965025464530e+00
57 2.486893290234028e-03 7.134845557888492e+00
57.1 2.487210876864069e-03 7.088446103195838e+00
57.2 2.487524990961516e-03 7.039844191929220e+00
57.3 2.487891637315659e-03 6.987584401990925e+00
57.4 2.488429833351092e-03 6.929551777854478e+00
57.5 2.489619244844828e-03 6.866266087687960e+00
57.6 2.497044760989254e-03 6.989519562379414e+00
57.7 2.507556791330883e-03 7.291165144006585e+00
57.8 2.509753965333979e-03 7.283706814531367e+00
57.9 2.510719319577436e-03 7.245799150119108e+00
58 2.511298610827715e-03 7.202901398538010e+00
58.1 2.511711371150750e-03 7.158734870727240e+00
58.2 2.512046127266576e-03 7.113576761935841e+00
58.3 2.512353839263788e-03 7.066804094303630e+00
58.4 2.512680396642462e-03 7.017301381887700e+00
58.5 2.513097189337393e-03 6.963377351697547e+00
58.6 2.513798425718283e-03 6.902987872553864e+00
58.7 2.515947344378479e-03 6.851579562541274e+00
58.8 2.528753042144598e-03 7.206263415448855e+00
58.9 2.533705588256569e-03 7.296493904728301e+00
59 2.535198971159205e-03 7.270294134535343e+00
59.1 2.535966414351376e-03 7.229957917125994e+00
59.2 2.536464187994870e-03 7.186903686253595e+00
59.3 2.536838077058674e-03 7.142876668908303e+00
59.4 2.537155518197754e-03 7.097723346752399e+00
59.5 2.537461569101749e-03 7.050664185320535e+00
59.6 2.537804998673733e-03 7.000448767924853e+00
59.7 2.538276667749406e-03 6.945236750329741e+00
59.8 2.539175546918804e-03 6.883777774858284e+00
59.9 2.543054742447296e-03 6.878279936991023e+00
60 2.556074903830034e-03 7.266351823601395e+00
