0.1 1.118781785448227e-04 6.667301504786434e+00
0.2 1.614570234493280e-04 6.917374744368864e+00
0.3 1.871423933829404e-04 6.783415823617851e+00
0.4 2.124721494782049e-04 6.735703053747252e+00
0.5 2.375438894758606e-04 6.752802241917607e+00
0.6 2.623901495630723e-04 6.820003046259750e+00
0.7 2.871398778580467e-04 6.916235645470463e+00
0.8 3.117447400885011e-04 7.039422577004586e+00
0.9 3.346584056833476e-04 7.236284836133130e+00
1 3.376448867816096e-04 6.822974861871460e+00
1.1 3.620100105816138e-04 7.007688720557612e+00
1.2 3.847694495357748e-04 7.253304892851402e+00
1.3 3.874887688221876e-04 6.891226927148787e+00
1.4 4.116306764267032e-04 7.114547581700427e+00
1.5 4.129590624888106e-04 6.806177285217020e+00
1.6 4.369529763122413e-04 7.057743364787024e+00
1.7 4.384858897164278e-04 6.750143881610122e+00
1.8 4.620667812876125e-04 7.038995603272271e+00
1.9 4.637401298016821e-04 6.738167138702697e+00
2 4.870622245979298e-04 7.048769547535382e+00
2.1 4.884447752113927e-04 6.773486358177438e+00
2.2 5.119501902699976e-04 7.083159797321493e+00
2.3 5.130176081245810e-04 6.836635917083020e+00
2.4 5.366863591559337e-04 7.142238219074225e+00
2.5 5.376612269496635e-04 6.912074897331975e+00
2.6 5.609550146739887e-04 7.235881008013934e+00
2.7 5.623497369887870e-04 6.996064690605930e+00
2.8 5.646672073123426e-04 6.724057012143311e+00
2.9 5.869871164360302e-04 7.093079664466365e+00
3 5.878804253851810e-04 6.882118747314809e+00
3.1 6.111938290401342e-04 7.221899708354919e+00
3.2 6.123572007208276e-04 7.006646008645491e+00
3.3 6.139282105632675e-04 6.769989593715918e+00
3.4 6.368140838741481e-04 7.138311575416209e+00
3.5 6.376271948766773e-04 6.946212593611452e+00
3.6 6.583968846126373e-04 7.313884534410430e+00
3.7 6.620510666538466e-04 7.092759485585105e+00
3.8 6.628430572333555e-04 6.906901274252830e+00
3.9 6.855021559567157e-04 7.281735710680930e+00
4 6.871593986611742e-04 7.071376648639843e+00
4.1 6.879711166311801e-04 6.889385587067816e+00
4.2 7.107834109507642e-04 7.267656186266336e+00
4.3 7.121829710737405e-04 7.069702276660789e+00
4.4 7.129721561004198e-04 6.894102631920333e+00
4.5 7.355938774774759e-04 7.281318250635334e+00
4.6 7.371321140782063e-04 7.085547631518610e+00
4.7 7.378590170820224e-04 6.918582301387827e+00
4.8 7.595350768745847e-04 7.317819795910712e+00
4.9 7.620030635233932e-04 7.117760050029853e+00
5 7.626808954236097e-04 6.958514968627370e+00
5.1 7.658130870633537e-04 6.751606876005653e+00
5.2 7.867606214425209e-04 7.166977994002623e+00
5.3 7.874709277852785e-04 7.010456289388344e+00
5.4 7.885438222409401e-04 6.834454414321067e+00
5.5 8.112392422891572e-04 7.238240649817996e+00
5.6 8.122245657858527e-04 7.073501865667808e+00
5.7 8.129140013131337e-04 6.920985746556127e+00
5.8 8.333933315647085e-04 7.325354470409586e+00
5.9 8.368785808717633e-04 7.150574374618715e+00
6 8.375232776276259e-04 7.005072158436304e+00
6.1 8.385861127388891e-04 6.838158900206525e+00
6.2 8.611177009393288e-04 7.253088956653714e+00
6.3 8.621590484328726e-04 7.094362592805457e+00
6.4 8.627794852597329e-04 6.953133085991432e+00
6.5 8.654300691727814e-04 6.767902460889562e+00
6.6 8.865956440298210e-04 7.200734851051049e+00
6.7 8.873261405967568e-04 7.057876279843908e+00
6.8 8.880049984335265e-04 6.916283303276847e+00
6.9 9.077930444869040e-04 7.321792137167586e+00
7 9.117888069516041e-04 7.172542006003664e+00
7.1 9.124235568151950e-04 7.037477471210636e+00
7.2 9.131655090781222e-04 6.895666614672173e+00
7.3 9.345517470932764e-04 7.325990892048791e+00
7.4 9.368588138007859e-04 7.162083874192536e+00
7.5 9.374596170905509e-04 7.031686623236091e+00
7.6 9.382128741317098e-04 6.892405019225968e+00
7.7 9.595775459760364e-04 7.326423421371466e+00
7.8 9.618417400322939e-04 7.166755122082540e+00
7.9 9.624370932076661e-04 7.039440834205983e+00
8 9.631361981911345e-04 6.905774117653912e+00
8.1 9.832545747807914e-04 7.329559070242618e+00
8.2 9.867374897069357e-04 7.185606332136770e+00
8.3 9.873601452588337e-04 7.059650475311533e+00
8.4 9.879746843037241e-04 6.933158188166070e+00
8.5 9.920739282118167e-04 6.793320472711465e+00
8.6 1.011509973468282e-03 7.219103298396801e+00
8.7 1.012230472090332e-03 7.091438520917527e+00
8.8 1.012775131508030e-03 6.971473946942217e+00
8.9 1.014121299394080e-03 6.822116868161938e+00
9 1.036011492920184e-03 7.269912620794235e+00
9.1 1.037036202100452e-03 7.134754224766131e+00
9.2 1.037560196942521e-03 7.018568714571710e+00
9.3 1.038321372056877e-03 6.890105005618906e+00
9.4 1.059098637552727e-03 7.333600552868373e+00
9.5 1.061724432400005e-03 7.191407911424934e+00
9.6 1.062324526029801e-03 7.073913918766474e+00
9.7 1.062872308291165e-03 6.958314244317482e+00
9.8 1.064475038203731e-03 6.811387454652293e+00
9.9 1.086064995641613e-03 7.267243571431681e+00
10 1.087028860007663e-03 7.139125966793966e+00
10.1 1.087535446243136e-03 7.028294893376564e+00
10.2 1.088214002553054e-03 6.908334886874339e+00
10.3 1.104839479876306e-03 7.252279474645670e+00
10.4 1.111536872526194e-03 7.219688652198063e+00
10.5 1.112205685569287e-03 7.103752693525182e+00
10.6 1.112700777889179e-03 6.995398232162142e+00
10.7 1.113592016430589e-03 6.869525865051154e+00
10.8 1.134829305313294e-03 7.325899056586845e+00
10.9 1.136745124979191e-03 7.191353686070295e+00
11 1.137312266426212e-03 7.081831449015050e+00
11.1 1.137818711711828e-03 6.974720555604216e+00
11.2 1.138946873693048e-03 6.844737011897800e+00
11.3 1.160464139923917e-03 7.305827831947004e+00
11.4 1.161836757493077e-03 7.177619526095688e+00
11.5 1.162364126706363e-03 7.071874693495861e+00
11.6 1.162877024716936e-03 6.966286853195935e+00
11.7 1.164128892669453e-03 6.836323655037483e+00
11.8 1.185582981985838e-03 7.300646904230844e+00
11.9 1.186849926655086e-03 7.176375012475838e+00
12 1.187365957750259e-03 7.073024286403975e+00
12.1 1.187868309880600e-03 6.969822701676496e+00
12.2 1.189028029178365e-03 6.844146905851028e+00
12.3 1.210380685453649e-03 7.310218288664883e+00
12.4 1.211792296941449e-03 7.186665048751559e+00
12.5 1.212320120421656e-03 7.084584008750074e+00
12.6 1.212798104103041e-03 6.984446933884956e+00
12.7 1.213732572944930e-03 6.866432217610247e+00
12.8 1.234615037878248e-03 7.331219647778171e+00
12.9 1.236651590636034e-03 7.208342559289196e+00
13 1.237227124388662e-03 7.105998425883135e+00
13.1 1.237680768413751e-03 7.008897259570648e+00
13.2 1.238392594140756e-03 6.900031669530499e+00
13.3 1.254156834689585e-03 7.232720699659241e+00
13.4 1.261379319245042e-03 7.242225556211169e+00
13.5 1.262081157346137e-03 7.137053038682511e+00
13.6 1.262529087247991e-03 7.041980877031386e+00
13.7 1.263079766477089e-03 6.941535247127288e+00
13.8 1.264903064664986e-03 6.816543054124953e+00
13.9 1.285794806978132e-03 7.290456222752567e+00
14 1.286858400426991e-03 7.178340597737354e+00
14.1 1.287345383091350e-03 7.083084108465251e+00
14.2 1.287803081631824e-03 6.988826992284344e+00
14.3 1.288645382214242e-03 6.879457362762295e+00
14.4 1.308391412057101e-03 7.335445673311760e+00
14.5 1.311479466661404e-03 7.232065917689512e+00
14.6 1.312113602921533e-03 7.132615174175932e+00
14.7 1.312546082557997e-03 7.041329702059628e+00
14.8 1.313082308015633e-03 6.944750503478511e+00
14.9 1.314700355767599e-03 6.825471299135110e+00
15 1.335581235879968e-03 7.302754775696368e+00
15.1 1.336776919210440e-03 7.192698926484118e+00
15.2 1.337277841073463e-03 7.099886921651835e+00
15.3 1.337707685309233e-03 7.010031479145084e+00
15.4 1.338369476689625e-03 6.909972430276618e+00
15.5 1.343593345740081e-03 6.856352731156294e+00
15.6 1.361114290491930e-03 7.268769117155087e+00
15.7 1.361937167077441e-03 7.167164594667033e+00
15.8 1.362385809059403e-03 7.078046907430311e+00
15.9 1.362829979147415e-03 6.988785263253782e+00
16 1.363633489469144e-03 6.885862880159601e+00
16.1 1.381794331392720e-03 7.310948626887201e+00
16.2 1.386331644599313e-03 7.249355665669690e+00
16.3 1.387020781196221e-03 7.152916016832528e+00
16.4 1.387447281376689e-03 7.066146626704040e+00
16.5 1.387903317989180e-03 6.977633509658062e+00
16.6 1.388806230823147e-03 6.873872540932823e+00
16.7 1.408377938577364e-03 7.335803196336676e+00
16.8 1.411403470927754e-03 7.242261962567635e+00
16.9 1.412047701489318e-03 7.148671501873828e+00
17 1.412464768222498e-03 7.063632516921947e+00
17.1 1.412919095825137e-03 6.976513291023235e+00
17.2 1.413821129011857e-03 6.874460705492266e+00
17.3 1.433179521640507e-03 7.334178132284632e+00
17.4 1.436369297100457e-03 7.246195092703736e+00
17.5 1.437024203218475e-03 7.153725108098440e+00
17.6 1.437439761877958e-03 7.070023163335739e+00
17.7 1.437877340605251e-03 6.984978298643794e+00
17.8 1.438680039254219e-03 6.886920029048157e+00
17.9 1.455526568493848e-03 7.278580833238559e+00
18 1.461221069569659e-03 7.260758451581966e+00
18.1 1.461949021192961e-03 7.167720420456575e+00
18.2 1.462374144555012e-03 7.084835632104206e+00
18.3 1.462787208598041e-03 7.002216596462824e+00
18.4 1.463449251067469e-03 6.909658341375120e+00
18.5 1.467533763712745e-03 6.838867296686526e+00
18.6 1.485892319738993e-03 7.286245721683187e+00
18.7 1.486811479020476e-03 7.190676804655168e+00
18.8 1.487268341598846e-03 7.107678553031061e+00
18.9 1.487660871210241e-03 7.027288327299813e+00
19 1.488193770911287e-03 6.940594562962499e+00
19.1 1.489728326531993e-03 6.836487648951387e+00
19.2 1.510107356831188e-03 7.322000623145449e+00
19.3 1.511579970772940e-03 7.223210376998305e+00
19.4 1.512116870275754e-03 7.138457263893108e+00
19.5 1.512506311485532e-03 7.059438859525708e+00
19.6 1.512945386519820e-03 6.977885704070354e+00
19.7 1.513783437011911e-03 6.883468045989648e+00
19.8 1.530640538949569e-03 7.282289664388325e+00
19.9 1.536157566670846e-03 7.266904674267151e+00
20 1.536899336845050e-03 7.177688014410159e+00
20.1 1.537322058321217e-03 7.098391638131271e+00
20.2 1.537709103796571e-03 7.020446453616533e+00
20.3 1.538255431900562e-03 6.935700780446359e+00
20.4 1.539900587730389e-03 6.835200728081340e+00
20.5 1.560098942767477e-03 7.322322278297035e+00
20.6 1.561553923522942e-03 7.227018511613899e+00
20.7 1.562090845412085e-03 7.144653419691132e+00
20.8 1.562473893172636e-03 7.068099018130449e+00
20.9 1.562887694707008e-03 6.989902907740224e+00
21 1.563599445585919e-03 6.901268125231457e+00
21.1 1.569085434742980e-03 6.882431735776480e+00
21.2 1.585845295825802e-03 7.289738549620444e+00
21.3 1.586760022013796e-03 7.200009800514892e+00
21.4 1.587214034435786e-03 7.121667021995691e+00
21.5 1.587585415165058e-03 7.046608418885342e+00
21.6 1.588036167559778e-03 6.967845108012160e+00
21.7 1.588954402080011e-03 6.876109329637014e+00
21.8 1.606795883422954e-03 7.311668830856864e+00
21.9 1.611144091964706e-03 7.268480187309454e+00
22 1.611872121461395e-03 7.183399974778178e+00
22.1 1.612288610316027e-03 7.107550416761317e+00
22.2 1.612657813191931e-03 7.033541163140730e+00
22.3 1.613139045320237e-03 6.954612545448379e+00
22.4 1.614242381664129e-03 6.861741164982840e+00
22.5 1.633574121354156e-03 7.337023398640139e+00
22.6 1.636265170476790e-03 7.258118148181075e+00
22.7 1.636921496041304e-03 7.175854042140585e+00
22.8 1.637321633231456e-03 7.101656737352028e+00
22.9 1.637688979615244e-03 7.028678696874049e+00
23 1.638180389837064e-03 6.950414433550321e+00
23.1 1.639347625951531e-03 6.858392013007032e+00
23.2 1.658776934024048e-03 7.337590139738614e+00
23.3 1.661273100000252e-03 7.257525363174995e+00
23.4 1.661919162280247e-03 7.176641394051043e+00
23.5 1.662315811045641e-03 7.103552102142252e+00
23.6 1.662678136002441e-03 7.031744900980081e+00
23.7 1.663154232722143e-03 6.955072683645584e+00
23.8 1.664221868194170e-03 6.865416370606630e+00
23.9 1.683037775586893e-03 7.332631309581562e+00
24 1.686176124341477e-03 7.266156293649310e+00
24.1 1.686866642736655e-03 7.185383187858807e+00
24.2 1.687272212306329e-03 7.112891515253167e+00
24.3 1.687627587548009e-03 7.042334506911816e+00
24.4 1.688068869868466e-03 6.967979460110115e+00
24.5 1.688942212365112e-03 6.882234713975830e+00
24.6 1.703814971426984e-03 7.226655440193522e+00
24.7 1.710940063662836e-03 7.283947878363144e+00
24.8 1.711757063470293e-03 7.201997535174269e+00
24.9 1.712190129858810e-03 7.129420968565675e+00
25 1.712541601207164e-03 7.059966493377591e+00
25.1 1.712941156183652e-03 6.988248338684270e+00
25.2 1.713617347992288e-03 6.907612560598771e+00
25.3 1.716903139280334e-03 6.841706778997001e+00
25.4 1.735434381121898e-03 7.310715331694229e+00
25.5 1.736569078435807e-03 7.226778682640417e+00
25.6 1.737064673123198e-03 7.153069767854968e+00
25.7 1.737423419075263e-03 7.084217945997096e+00
25.8 1.737786993387315e-03 7.014966052470039e+00
25.9 1.738308148168164e-03 6.939676553414801e+00
26 1.739656011774295e-03 6.852458957064703e+00
26.1 1.759005291803010e-03 7.337213668879303e+00
26.2 1.761243980935737e-03 7.260555167748793e+00
26.3 1.761881015037407e-03 7.184123506989302e+00
26.4 1.762271479773378e-03 7.114898204150705e+00
26.5 1.762615115918727e-03 7.047443620566023e+00
26.6 1.763030794818108e-03 6.976828468545585e+00
26.7 1.763785290155653e-03 6.896672853801006e+00
26.8 1.769114151836028e-03 6.892048177614037e+00
26.9 1.785581025634116e-03 7.304223723425171e+00
27 1.786598963960423e-03 7.223500486389056e+00
27.1 1.787074091244724e-03 7.152259043316223e+00
27.2 1.787424647823404e-03 7.085414255695584e+00
27.3 1.787779621485395e-03 7.018202460551016e+00
27.4 1.788277376589583e-03 6.945534174837471e+00
27.5 1.789458053739967e-03 6.861612074415389e+00
27.6 1.808074722071315e-03 7.332631052117128e+00
27.7 1.811093785093011e-03 7.273042206362607e+00
27.8 1.811796926911236e-03 7.197298457371049e+00
27.9 1.812202404122700e-03 7.129213925732631e+00
28 1.812539164544126e-03 7.063697633771161e+00
28.1 1.812916551148840e-03 6.996307052427632e+00
28.2 1.813513757626063e-03 6.921690565505175e+00
28.3 1.815458757529899e-03 6.841295216346998e+00
28.4 1.834713667093197e-03 7.330485018655464e+00
28.5 1.836336415553458e-03 7.252236457249810e+00
28.6 1.836912553028828e-03 7.180064786343303e+00
28.7 1.837285027491158e-03 7.113985422038462e+00
28.8 1.837618301489702e-03 7.049350555709770e+00
28.9 1.838017660523100e-03 6.981872854655401e+00
29 1.838707262789143e-03 6.906096256632972e+00
29.1 1.841857618916360e-03 6.846885844580424e+00
29.2 1.860204071406795e-03 7.318695426195220e+00
29.3 1.861451991821871e-03 7.240640721179559e+00
29.4 1.861972298865913e-03 7.170737104298434e+00
29.5 1.862329145675706e-03 7.106020099678184e+00
29.6 1.862661164569011e-03 7.042168569702680e+00
29.7 1.863072521808186e-03 6.975028550142533e+00
29.8 1.863813445683304e-03 6.899257122563847e+00
29.9 1.867982618004241e-03 6.867608555212658e+00
30 1.885338981210920e-03 7.314028687242147e+00
30.1 1.886483822716241e-03 7.237297350518059e+00
30.2 1.886986508326113e-03 7.168702382036692e+00
30.3 1.887337556881710e-03 7.104956723644078e+00
30.4 1.887666711626600e-03 7.041955787211002e+00
30.5 1.888074681010486e-03 6.975719989779877e+00
30.6 1.888802360171236e-03 6.901153100987663e+00
30.7 1.892537767106343e-03 6.859640316953880e+00
30.8 1.910239002345989e-03 7.317384954609221e+00
30.9 1.911443440953166e-03 7.241689725934275e+00
31 1.911958284967071e-03 7.173601647625718e+00
31.1 1.912311486427156e-03 7.110510409822068e+00
31.2 1.912635753847033e-03 7.048442408061927e+00
31.3 1.913025702079366e-03 6.983632784026833e+00
31.4 1.913682716532951e-03 6.911333371325293e+00
31.5 1.916174643578004e-03 6.844428727523130e+00
31.6 1.934845689160443e-03 7.327571052668106e+00
31.7 1.936323257603706e-03 7.253656963861727e+00
31.8 1.936885591215833e-03 7.185263898798494e+00
31.9 1.937251144918205e-03 7.122447027990269e+00
32 1.937570978431967e-03 7.061287671406608e+00
32.1 1.937934317792186e-03 6.998232709084377e+00
32.2 1.938493485952141e-03 6.928998117057190e+00
32.3 1.940028397107302e-03 6.852704407741975e+00
32.4 1.958754192727729e-03 7.336268138831950e+00
32.5 1.961089613406358e-03 7.273337380061269e+00
32.6 1.961759573207947e-03 7.203727697232284e+00
32.7 1.962154677645025e-03 7.140622749583161e+00
32.8 1.962475349178409e-03 7.080147011448451e+00
32.9 1.962811720206911e-03 7.018889331181734e+00
33 1.963275245555164e-03 6.953078964115428e+00
33.1 1.964244665169586e-03 6.878473998766569e+00
33.2 1.977694142057568e-03 7.190834984869963e+00
33.3 1.985640747159887e-03 7.300839637558015e+00
33.4 1.986557588833920e-03 7.229330511460381e+00
33.5 1.987015401405034e-03 7.165075645249880e+00
33.6 1.987349602120423e-03 7.104778667520044e+00
33.7 1.987666589633031e-03 7.045034189099344e+00
33.8 1.988053124779816e-03 6.982499944806561e+00
33.9 1.988701009334266e-03 6.912987675150203e+00
34 1.990976765538259e-03 6.847107471011187e+00
34.1 2.009562078668977e-03 7.331859025869585e+00
34.2 2.011220688599431e-03 7.262809426310385e+00
34.3 2.011815670928687e-03 7.196170654705034e+00
34.4 2.012189006502786e-03 7.135175539082306e+00
34.5 2.012501904719007e-03 7.076312828468529e+00
34.6 2.012836136094561e-03 7.016461160463940e+00
34.7 2.013300367792501e-03 6.952108831232076e+00
34.8 2.014267264449998e-03 6.879506133477930e+00
34.9 2.026632589065676e-03 7.154791766223359e+00
35 2.035555357873433e-03 7.304656558516020e+00
35.1 2.036509955647768e-03 7.234805186121857e+00
35.2 2.036977754222196e-03 7.171733660533192e+00
35.3 2.037312682062835e-03 7.112722710954232e+00
35.4 2.037621755357215e-03 7.054595829050200e+00
35.5 2.037983199204176e-03 6.994324316227727e+00
35.6 2.038544484254156e-03 6.928215280999698e+00
35.7 2.040045157945661e-03 6.856572158453609e+00
35.8 2.058270522868306e-03 7.333179157583738e+00
35.9 2.060958177144153e-03 7.282421773475983e+00
36 2.061673991947518e-03 7.215498711457554e+00
36.1 2.062081559420539e-03 7.154774174589398e+00
36.2 2.062398357337009e-03 7.097047330468019e+00
36.3 2.062710392561972e-03 7.039381852369446e+00
36.4 2.063099547607365e-03 6.978773490819107e+00
36.5 2.063759084655154e-03 6.911503839599176e+00
36.6 2.066061743750565e-03 6.850228250585380e+00
36.7 2.084409965887287e-03 7.333119387262800e+00
36.8 2.086151079318590e-03 7.268401513066564e+00
36.9 2.086764245482188e-03 7.203754861617554e+00
37 2.087142109269592e-03 7.144583613919682e+00
37.1 2.087450197477667e-03 7.087781883280806e+00
37.2 2.087765489559136e-03 7.030572243661204e+00
37.3 2.088173702732837e-03 6.969988442901960e+00
37.4 2.088903024734933e-03 6.902453227581741e+00
37.5 2.092029834240727e-03 6.859197675636085e+00
37.6 2.109760905091553e-03 7.328175639657643e+00
37.7 2.111227825675707e-03 7.262084862119447e+00
37.8 2.111800492200635e-03 7.198877894017760e+00
37.9 2.112165765098961e-03 7.140731437427594e+00
38 2.112469530668808e-03 7.084680667883899e+00
38.1 2.112784581683881e-03 7.028067760222714e+00
38.2 2.113196462963154e-03 6.968014447378984e+00
38.3 2.113938916625327e-03 6.901115449465765e+00
38.4 2.117199546088792e-03 6.862559724868622e+00
38.5 2.134757776295849e-03 7.328068457316684e+00
38.6 2.136216848067202e-03 7.262962332022001e+00
38.7 2.136789919013900e-03 7.200461181327118e+00
38.8 2.137155039560649e-03 7.142931738922997e+00
38.9 2.137457089582732e-03 7.087527597236759e+00
39 2.137767266561598e-03 7.031689985227239e+00
39.1 2.138165889468982e-03 6.972681096024392e+00
39.2 2.138859448847843e-03 6.907224579700027e+00
39.3 2.141425158166204e-03 6.854721905116515e+00
39.4 2.159415080003815e-03 7.332561748331419e+00
39.5 2.161118230575443e-03 7.270769388687664e+00
39.6 2.161732402268596e-03 7.208301526464505e+00
39.7 2.162110151626452e-03 7.150990094031562e+00
39.8 2.162413734997669e-03 7.096106219660461e+00
39.9 2.162715804099650e-03 7.041166494754421e+00
40 2.163088416558828e-03 6.983606846171655e+00
40.1 2.163692735311087e-03 6.920314625980776e+00
40.2 2.165424223680483e-03 6.856217480956789e+00
40.3 2.183400438094000e-03 7.333312621627593e+00
40.4 2.185904572952654e-03 7.285424224907910e+00
40.5 2.186620415290169e-03 7.222381551714113e+00
40.6 2.187028793862313e-03 7.164805895181962e+00
40.7 2.187340019812851e-03 7.110217371109408e+00
40.8 2.187634082433767e-03 7.056169001289577e+00
40.9 2.187975392709934e-03 7.000269312540082e+00
41 2.188480294822101e-03 6.939669818200587e+00
41.1 2.189610678135956e-03 6.873120311536805e+00
41.2 2.204086842975754e-03 7.237231481940309e+00
41.3 2.210489460160100e-03 7.306622731598752e+00
41.4 2.211433776585643e-03 7.242897248833144e+00
41.5 2.211904203429942e-03 7.184418182799932e+00
41.6 2.212234798159391e-03 7.129732808341198e+00
41.7 2.212525599380020e-03 7.076386846666505e+00
41.8 2.212837963053500e-03 7.022116533389586e+00
41.9 2.213254577853458e-03 6.964392436743758e+00
42 2.214010738188443e-03 6.900446335685809e+00
42.1 2.217218910770391e-03 6.866342011721592e+00
42.2 2.234557493064909e-03 7.330420325147040e+00
42.3 2.236121955307830e-03 7.270256887532246e+00
42.4 2.236720247915815e-03 7.210090193374143e+00
42.5 2.237092767874581e-03 7.154677776692849e+00
42.6 2.237391168963391e-03 7.101618815512262e+00
42.7 2.237683313074541e-03 7.048690377319033e+00
42.8 2.238032217172685e-03 6.993639927327921e+00
42.9 2.238563031811924e-03 6.933773557314702e+00
43 2.239811154527123e-03 6.869261229595269e+00
43.1 2.255468908927249e-03 7.277707930185747e+00
43.2 2.260533954135665e-03 7.304442994599601e+00
43.3 2.261438063542398e-03 7.242415989161853e+00
43.4 2.261899737350993e-03 7.185345085264236e+00
43.5 2.262226307390024e-03 7.131876632955660e+00
43.6 2.262512795537911e-03 7.079738462849575e+00
43.7 2.262817066174742e-03 7.026831560673859e+00
43.8 2.263213593529446e-03 6.970843086942857e+00
43.9 2.263897608949701e-03 6.909167309874319e+00
44 2.266197626483292e-03 6.857952953828788e+00
44.1 2.283920570442280e-03 7.334152636742656e+00
44.2 2.285948464260468e-03 7.282210994429734e+00
44.3 2.286620699444871e-03 7.222448207869455e+00
44.4 2.287016767522476e-03 7.167511785853632e+00
44.5 2.287320468966418e-03 7.115315427193459e+00
44.6 2.287604263562807e-03 7.063750544280462e+00
44.7 2.287924098597563e-03 7.010775847121169e+00
44.8 2.288370131481361e-03 6.954030085265208e+00
44.9 2.289231090395239e-03 6.891507308231906e+00
45 2.293988040469706e-03 6.906356212571247e+00
45.1 2.309788710456037e-03 7.326281893221045e+00
45.2 2.311158374645457e-03 7.267194550429218e+00
45.3 2.311726838412317e-03 7.209393958687500e+00
45.4 2.312089349635871e-03 7.155904752315542e+00
45.5 2.312381499334872e-03 7.104600862653530e+00
45.6 2.312665698747410e-03 7.053492728053621e+00
45.7 2.312998434892000e-03 7.000578948118806e+00
45.8 2.313483741882713e-03 6.943504870008695e+00
45.9 2.314501047155064e-03 6.881258567450223e+00
46 2.323597381947214e-03 7.053725120007954e+00
46.1 2.335115694985863e-03 7.318634021838489e+00
46.2 2.336256887006621e-03 7.259074231144184e+00
46.3 2.336778920808287e-03 7.202614686579464e+00
46.4 2.337125391555170e-03 7.150103852135127e+00
46.5 2.337411792178011e-03 7.099484640271595e+00
46.6 2.337695882105988e-03 7.048854626866392e+00
46.7 2.338034179336590e-03 6.996262846670689e+00
46.8 2.338536677023592e-03 6.939414130729716e+00
46.9 2.339624817211394e-03 6.877980634691230e+00
47 2.350893814167817e-03 7.132409769252660e+00
47.1 2.360188933423278e-03 7.316345177988861e+00
47.2 2.361275500347726e-03 7.257399275959741e+00
47.3 2.361786053213852e-03 7.201716292945154e+00
47.4 2.362128296587869e-03 7.149834324352472e+00
47.5 2.362412362020488e-03 7.099774831316389e+00
47.6 2.362694182680670e-03 7.049703819352553e+00
47.7 2.363028519896850e-03 6.997740966414158e+00
47.8 2.363520370176964e-03 6.941683783899915e+00
47.9 2.364557361748092e-03 6.881004116581005e+00
48 2.373651615560261e-03 7.056327597960605e+00
48.1 2.385059495935183e-03 7.319774514466756e+00
48.2 2.386221231345247e-03 7.261890562582069e+00
48.3 2.386750361246332e-03 7.206475073184771e+00
48.4 2.387099012622430e-03 7.154909008292757e+00
48.5 2.387383871232474e-03 7.105296462984363e+00
48.6 2.387661445180475e-03 7.055856600447606e+00
48.7 2.387983225959847e-03 7.004795960769693e+00
48.8 2.388440326469570e-03 6.950032161451801e+00
48.9 2.389333480917936e-03 6.890302426033124e+00
49 2.394246821140239e-03 6.915957120771212e+00
49.1 2.409662515093399e-03 7.327625436914186e+00
49.2 2.411083251417646e-03 7.272434531045417e+00
49.3 2.411668263634028e-03 7.216808912261119e+00
49.4 2.412036383730875e-03 7.165214531072426e+00
49.5 2.412326674003897e-03 7.115889444783445e+00
49.6 2.412599783879011e-03 7.067087195188176e+00
49.7 2.412903870318179e-03 7.017103960818664e+00
49.8 2.413312686048026e-03 6.964006939312252e+00
49.9 2.414032331802838e-03 6.905963261899901e+00
50 2.416482889916670e-03 6.864471946597655e+00
50.1 2.433679378002329e-03 7.332734775328166e+00
50.2 2.435823851786314e-03 7.288974541168659e+00
50.3 2.436528331289420e-03 7.232784050676354e+00
50.4 2.436936199146273e-03 7.180731061657754e+00
50.5 2.437240055903080e-03 7.131435660510554e+00
50.6 2.437511499786201e-03 7.083166510667030e+00
50.7 2.437797409964625e-03 7.034292595111446e+00
50.8 2.438155942987785e-03 6.983046445934018e+00
50.9 2.438718926728420e-03 6.927441170307142e+00
51 2.440071692858042e-03 6.870503188302220e+00
51.1 2.455017726334053e-03 7.264708259942863e+00
51.2 2.460335240264231e-03 7.310883076339003e+00
51.3 2.461303504291150e-03 7.254629631278711e+00
51.4 2.461788468567596e-03 7.201579954699010e+00
51.5 2.462120659706497e-03 7.151909449279504e+00
51.6 2.462397498206224e-03 7.103920531666752e+00
51.7 2.462669522120061e-03 7.056017651620166e+00
51.8 2.462984335566497e-03 7.006582125322219e+00
51.9 2.463425241707066e-03 6.953753224003806e+00
52 2.464251507478919e-03 6.896329903123978e+00
52.1 2.467796950634785e-03 6.884086887751913e+00
52.2 2.484209535937851e-03 7.331642582168119e+00
52.3 2.485926070621754e-03 7.282612207918304e+00
52.4 2.486570690523771e-03 7.228090964290875e+00
52.5 2.486959566794033e-03 7.177449810622132e+00
52.6 2.487255328753797e-03 7.129301918774992e+00
52.7 2.487522551457006e-03 7.082044473590754e+00
52.8 2.487805346607508e-03 7.034154656580561e+00
52.9 2.488159389794652e-03 6.983979385155288e+00
53 2.488709448412195e-03 6.929683848950561e+00
53.1 2.489982655524932e-03 6.873782214792652e+00
53.2 2.503491966788472e-03 7.218817889835635e+00
53.3 2.510180275784726e-03 7.315497726924371e+00
53.4 2.511228314569010e-03 7.260823651331382e+00
53.5 2.511735893391947e-03 7.208455711932110e+00
53.6 2.512076216273413e-03 7.159476456297960e+00
53.7 2.512353831881595e-03 7.112328654210832e+00
53.8 2.512619730488283e-03 7.065508348522681e+00
53.9 2.512917343431155e-03 7.017524406705785e+00
54 2.513314144767737e-03 6.966694943533090e+00
54.1 2.513990901093865e-03 6.911474543487246e+00
54.2 2.515997089399203e-03 6.865616815829853e+00
54.3 2.532752604365979e-03 7.324285330320244e+00
54.4 2.535597120485471e-03 7.299878468714887e+00
54.5 2.536398694248170e-03 7.245672958046045e+00
54.6 2.536838642935056e-03 7.194934932673958e+00
54.7 2.537153094864582e-03 7.147105293430309e+00
54.8 2.537421658916024e-03 7.100662857078008e+00
54.9 2.537689239626119e-03 7.054174886203069e+00
55 2.538000517445340e-03 7.006170509835045e+00
55.1 2.538434641314479e-03 6.954973879729422e+00
55.2 2.539231220070934e-03 6.899586218753734e+00
55.3 2.542262155464141e-03 6.877046637167707e+00
55.4 2.558818637411045e-03 7.331953782366670e+00
55.5 2.560795657039493e-03 7.289789660786786e+00
55.6 2.561489526202115e-03 7.236618585097614e+00
55.7 2.561895794569236e-03 7.187010215436062e+00
55.8 2.562196837536181e-03 7.139991568565971e+00
55.9 2.562460804491014e-03 7.094102150395233e+00
56 2.562729701810648e-03 7.047963040015050e+00
56.1 2.563049152353292e-03 7.000130773895656e+00
56.2 2.563505510183994e-03 6.948969377745228e+00
56.3 2.564377155353645e-03 6.893994631890541e+00
56.4 2.568266499884762e-03 6.896480512705887e+00
56.5 2.584143224599723e-03 7.331146593435676e+00
56.6 2.585866871143460e-03 7.285598368611604e+00
56.7 2.586521472449415e-03 7.233234671382021e+00
56.8 2.586914848695741e-03 7.184349426468030e+00
56.9 2.587210455650679e-03 7.137904245010412e+00
57 2.587471989594894e-03 7.092492649767818e+00
57.1 2.587739974177881e-03 7.046781706161586e+00
57.2 2.588059438125377e-03 6.999369842431998e+00
57.3 2.588516364791547e-03 6.948677280289541e+00
57.4 2.589387426258704e-03 6.894330028971845e+00
57.5 2.593198979290241e-03 6.895666667492504e+00
57.6 2.609071743160708e-03 7.331213987758233e+00
57.7 2.610837377645000e-03 7.287143497349374e+00
57.8 2.611501531318577e-03 7.235256258065359e+00
57.9 2.611898505838517e-03 7.186743136320599e+00
58 2.612195150449834e-03 7.140674987475466e+00
58.1 2.612455734490125e-03 7.095690062321960e+00
58.2 2.612720198617584e-03 7.050496962153535e+00
58.3 2.613031270860410e-03 7.003749945213185e+00
58.4 2.613467001783530e-03 6.953933079415498e+00
58.5 2.614263077958083e-03 6.900355186876028e+00
58.6 2.617163944165377e-03 6.877717723858186e+00
58.7 2.633564144062217e-03 7.330697385307538e+00
58.8 2.635701701069425e-03 7.294213268920282e+00
58.9 2.636427844111287e-03 7.242557314926967e+00
59 2.636846049654836e-03 7.194075975622590e+00
59.1 2.637150865827958e-03 7.148179956881801e+00
59.2 2.637412634260616e-03 7.103549798157263e+00
59.3 2.637671967462870e-03 7.058929229753811e+00
59.4 2.637968362840609e-03 7.013036598086762e+00
59.5 2.638367383786855e-03 6.964433673062374e+00
59.6 2.639045721978757e-03 6.912013666287344e+00
59.7 2.640973577869934e-03 6.869305471833176e+00
59.8 2.657091828316260e-03 7.313013319387706e+00
59.9 2.660417617341302e-03 7.306411641438702e+00
60 2.661288676933176e-03 7.255132503453872e+00
