0.1 1.118878985075921e-04 6.665292514651034e+00
0.2 1.614836851392238e-04 6.913684996431932e+00
0.3 1.871590734928070e-04 6.779644715635031e+00
0.4 2.124988227163052e-04 6.730350078911611e+00
0.5 2.375766082968685e-04 6.746417965628810e+00
0.6 2.624189971083986e-04 6.813617244468361e+00
0.7 2.871687578304743e-04 6.909493960364046e+00
0.8 3.117971065900771e-04 7.030277279667384e+00
0.9 3.352026802741402e-04 7.220162539778656e+00
1 3.376955103587645e-04 6.813252026517334e+00
1.1 3.620533376411360e-04 6.998319001040617e+00
1.2 3.853318818997575e-04 7.234899464314759e+00
1.3 3.875364978257821e-04 6.880673275998216e+00
1.4 4.117194635981521e-04 7.101209911024927e+00
1.5 4.130572407757392e-04 6.791840425293350e+00
1.6 4.370132376222361e-04 7.045440212409288e+00
1.7 4.387328488860292e-04 6.729634112690102e+00
1.8 4.621238727731618e-04 7.026428509276498e+00
1.9 4.641233532830926e-04 6.714629128449810e+00
2 4.871233570910984e-04 7.035408888048837e+00
2.1 4.886934169786076e-04 6.751777096575528e+00
2.2 5.120238283699695e-04 7.068400619197828e+00
2.3 5.131472348607803e-04 6.818496743520780e+00
2.4 5.367976922851969e-04 7.124773204641535e+00
2.5 5.377409333948073e-04 6.896236197928041e+00
2.6 5.612431779885845e-04 7.211965732735110e+00
2.7 5.624153255495753e-04 6.980747117750655e+00
2.8 5.668069996393673e-04 6.720168169687614e+00
2.9 5.870706939159194e-04 7.076072161314868e+00
3 5.879984948240605e-04 6.862955995777767e+00
3.1 6.114329716979145e-04 7.197791321188152e+00
3.2 6.124297744444048e-04 6.989824626660438e+00
3.3 6.145844361110956e-04 6.739968290037909e+00
3.4 6.369273712716206e-04 7.118500381376266e+00
3.5 6.377183736322005e-04 6.927606200091088e+00
3.6 6.600902499631156e-04 7.298969978663830e+00
3.7 6.621416326481503e-04 7.073730830797754e+00
3.8 6.629683643000588e-04 6.885780956659099e+00
3.9 6.860135477335087e-04 7.251272105946622e+00
4 6.872466212799548e-04 7.052041401468614e+00
4.1 6.881284572367216e-04 6.866147897808546e+00
4.2 7.111949649584426e-04 7.237395393367208e+00
4.3 7.122728957467212e-04 7.049673409308930e+00
4.4 7.131353483629106e-04 6.870053510168455e+00
4.5 7.360923898797262e-04 7.249357156273727e+00
4.6 7.372288533652758e-04 7.064548773441242e+00
4.7 7.380019817885955e-04 6.894943969718920e+00
4.8 7.605901205679505e-04 7.286461627354352e+00
4.9 7.621151574013970e-04 7.095306037703926e+00
5 7.627983496985276e-04 6.935734161996139e+00
5.1 7.817854783698499e-04 7.297617066435961e+00
5.2 7.869129850425409e-04 7.141867308087464e+00
5.3 7.875726858964080e-04 6.988115774774771e+00
5.4 7.889927045054349e-04 6.800825611821161e+00
5.5 8.115288377719960e-04 7.207637768739341e+00
5.6 8.123282984886358e-04 7.050509759985829e+00
5.7 8.130851296086219e-04 6.894380405787011e+00
5.8 8.352933028745594e-04 7.304939611297088e+00
5.9 8.370206227008928e-04 7.124883300357849e+00
6 8.376361935608992e-04 6.981021698248389e+00
6.1 8.390976608503997e-04 6.802323105191764e+00
6.2 8.614629323712526e-04 7.219894798970141e+00
6.3 8.622739536038711e-04 7.069668510026354e+00
6.4 8.629308670623706e-04 6.926435810818253e+00
6.5 8.808612857748954e-04 7.277715081988572e+00
6.6 8.868046148924502e-04 7.170959845214177e+00
6.7 8.874393391058048e-04 7.032783420939893e+00
6.8 8.882196553041990e-04 6.886207793949157e+00
6.9 9.102369213943041e-04 7.310606557103019e+00
7 9.119608204315399e-04 7.143773058424081e+00
7.1 9.125424392130200e-04 7.011536032354633e+00
7.2 9.134488644014824e-04 6.862619943804532e+00
7.3 9.357247071175742e-04 7.288777490051293e+00
7.4 9.370227826728644e-04 7.133156334880203e+00
7.5 9.375841541162370e-04 7.004901756938452e+00
7.6 9.385270714237828e-04 6.857864978596522e+00
7.7 9.607510961203376e-04 7.288231221298616e+00
7.8 9.620134917495551e-04 7.136916905252924e+00
7.9 9.625644987126189e-04 7.011975232452168e+00
8 9.634224541461852e-04 6.871484157455811e+00
8.1 9.854010054421592e-04 7.306981538560989e+00
8.2 9.869349746982710e-04 7.154066782117892e+00
8.3 9.874892819049404e-04 7.031565519523276e+00
8.4 9.882047727274355e-04 6.900273880552114e+00
8.5 1.008856991968022e-03 7.334807794021269e+00
8.6 1.011770181050707e-03 7.184619950121768e+00
8.7 1.012365620328201e-03 7.062481155256043e+00
8.8 1.012955283388408e-03 6.940202362442427e+00
8.9 1.015722499800743e-03 6.785156647002069e+00
9 1.036452541539896e-03 7.230330267777093e+00
9.1 1.037191685212502e-03 7.104146673331740e+00
9.2 1.037709568151990e-03 6.988335683400869e+00
9.3 1.038738198999315e-03 6.850654530098844e+00
9.4 1.060665727897910e-03 7.296423408833389e+00
9.5 1.061940043365967e-03 7.157461098631854e+00
9.6 1.062465610095057e-03 7.043602243826561e+00
9.7 1.063088262065744e-03 6.924369139143308e+00
9.8 1.068244595442585e-03 6.827059980593095e+00
9.9 1.086499667742126e-03 7.226497441265150e+00
10 1.087193941418262e-03 7.106974734232290e+00
10.1 1.087690889072946e-03 6.996701174279652e+00
10.2 1.088583689449368e-03 6.868767232464039e+00
10.3 1.110099387512855e-03 7.320999354754679e+00
10.4 1.111812222741746e-03 7.182408524541861e+00
10.5 1.112358505035953e-03 7.071750243277263e+00
10.6 1.112885370701900e-03 6.961808393589322e+00
10.7 1.114296797284566e-03 6.824267842260245e+00
10.8 1.135942059672996e-03 7.280969178900471e+00
10.9 1.136970998094370e-03 7.155354349443241e+00
11 1.137465731122626e-03 7.049299788132993e+00
11.1 1.138036374841023e-03 6.939101510597945e+00
11.2 1.140298733564484e-03 6.800163884156544e+00
11.3 1.161211140410173e-03 7.259669857514151e+00
11.4 1.162047457326332e-03 7.141723868749727e+00
11.5 1.162522013473575e-03 7.038598535205149e+00
11.6 1.163118021448845e-03 6.929163938102727e+00
11.7 1.166119524914116e-03 6.799955166350117e+00
11.8 1.186276252540212e-03 7.254078886900644e+00
11.9 1.187062699384548e-03 7.139854219965800e+00
12 1.187528099393012e-03 7.039006774661652e+00
12.1 1.188112523076240e-03 6.932031133024633e+00
12.2 1.190705921230329e-03 6.801689876400212e+00
12.3 1.211193941258454e-03 7.262369565843039e+00
12.4 1.212022130825221e-03 7.148884841633039e+00
12.5 1.212486093426666e-03 7.049847300390976e+00
12.6 1.213026813555641e-03 6.946761635609600e+00
12.7 1.214729927773209e-03 6.817498074440258e+00
12.8 1.235921715779598e-03 7.284357747724980e+00
12.9 1.236921500365664e-03 7.168463208425669e+00
13 1.237399775496795e-03 7.070381925637380e+00
13.1 1.237886259922777e-03 6.971709411705666e+00
13.2 1.238965071078241e-03 6.852860288706001e+00
13.3 1.260196812210475e-03 7.320211857162811e+00
13.4 1.261740634874683e-03 7.198922757340243e+00
13.5 1.262270232410391e-03 7.100073016882506e+00
13.6 1.262715075997094e-03 7.005207372625764e+00
13.7 1.263435427428237e-03 6.898296840236585e+00
13.8 1.279756570093836e-03 7.253917420932594e+00
13.9 1.286414303157296e-03 7.241844065394470e+00
14 1.287088312870231e-03 7.138954457618915e+00
14.1 1.287524296087713e-03 7.046137452788538e+00
14.2 1.288050421703850e-03 6.948767762479513e+00
14.3 1.289569370821269e-03 6.828338037103674e+00
14.4 1.310667609776400e-03 7.300826590551461e+00
14.5 1.311817954160146e-03 7.188261695930426e+00
14.6 1.312307824848128e-03 7.094352985659608e+00
14.7 1.312743444523294e-03 7.002965391935527e+00
14.8 1.313456166639076e-03 6.899857556616634e+00
14.9 1.326894850146008e-03 7.154001498131158e+00
15 1.336329468710686e-03 7.251678198953899e+00
15.1 1.337034723740735e-03 7.151102876798448e+00
15.2 1.337465796277150e-03 7.061445008019527e+00
15.3 1.337940076655758e-03 6.969542526919251e+00
15.4 1.338974609125710e-03 6.859813608295203e+00
15.5 1.359711893365530e-03 7.332865792490628e+00
15.6 1.361606384210332e-03 7.220137732353590e+00
15.7 1.362165685022832e-03 7.126256601066340e+00
15.8 1.362578872995272e-03 7.038849435244600e+00
15.9 1.363104030125735e-03 6.946062844929975e+00
16 1.364607980297874e-03 6.832523067882812e+00
16.1 1.385495545327037e-03 7.309861121842533e+00
16.2 1.386740822087737e-03 7.201913295258275e+00
16.3 1.387240007436316e-03 7.111906100538828e+00
16.4 1.387648337224518e-03 7.026046908265959e+00
16.5 1.388211849577633e-03 6.933108104872725e+00
16.6 1.390178856395595e-03 6.821212269503197e+00
16.7 1.410725980441505e-03 7.298535321133272e+00
16.8 1.411791616349426e-03 7.194780058204052e+00
16.9 1.412267569586288e-03 7.107115606159955e+00
17 1.412671874279932e-03 7.022727332836156e+00
17.1 1.413241334692825e-03 6.930972518104997e+00
17.2 1.415271292816414e-03 6.821636439913558e+00
17.3 1.435707182445933e-03 7.299740920611455e+00
17.4 1.436776064778348e-03 7.197656175478528e+00
17.5 1.437251931653655e-03 7.111291467614066e+00
17.6 1.437649446504467e-03 7.028478191171883e+00
17.7 1.438188595842991e-03 6.939271691092084e+00
17.8 1.439820427607921e-03 6.831533529876159e+00
17.9 1.460440137700763e-03 7.312661633107549e+00
18 1.461693440729629e-03 7.210118607843087e+00
18.1 1.462193803629389e-03 7.124012549213119e+00
18.2 1.462584777159536e-03 7.042725233078224e+00
18.3 1.463071156677165e-03 6.956975466065311e+00
18.4 1.464224397825431e-03 6.854447722766036e+00
18.5 1.484644999156289e-03 7.334372081830978e+00
18.6 1.486524297264997e-03 7.232340261760818e+00
18.7 1.487090146748019e-03 7.145060929955259e+00
18.8 1.487482985106675e-03 7.064850137469929e+00
18.9 1.487914342914244e-03 6.982746630244477e+00
19 1.488712168519964e-03 6.888221572369777e+00
19.1 1.504589014894202e-03 7.251210564748590e+00
19.2 1.511206059952456e-03 7.265285192793190e+00
19.3 1.511929233306124e-03 7.174603478182458e+00
19.4 1.512346165542984e-03 7.094411574417925e+00
19.5 1.512736894337067e-03 7.015378154881294e+00
19.6 1.513309218051979e-03 6.928807617271295e+00
19.7 1.515278138087325e-03 6.827844150368572e+00
19.8 1.535498918741092e-03 7.310389535372656e+00
19.9 1.536676672764409e-03 7.213552398341423e+00
20 1.537167814664074e-03 7.131420490697664e+00
20.1 1.537545222834135e-03 7.054142714306773e+00
20.2 1.537986383777832e-03 6.973877660900387e+00
20.3 1.538852679395009e-03 6.880717429438442e+00
20.4 1.556543079450116e-03 7.307011901934530e+00
20.5 1.561222305295163e-03 7.264195575736890e+00
20.6 1.561922475521248e-03 7.176716964113176e+00
20.7 1.562332140164980e-03 7.099031947070575e+00
20.8 1.562710398910374e-03 7.022735165516238e+00
20.9 1.563238051741083e-03 6.940157697665497e+00
21 1.564706227394195e-03 6.842213321918084e+00
21.1 1.584975654606130e-03 7.327942058669394e+00
21.2 1.586530642150678e-03 7.232671449071775e+00
21.3 1.587071288733353e-03 7.151046317350543e+00
21.4 1.587448909955935e-03 7.075835139463903e+00
21.5 1.587843846886141e-03 6.999768539542139e+00
21.6 1.588477251790790e-03 6.914913004157595e+00
21.7 1.591277337269763e-03 6.829729395715153e+00
21.8 1.610640022838475e-03 7.303887132604087e+00
21.9 1.611688527247686e-03 7.212870520240313e+00
22 1.612160697890749e-03 7.134755693736247e+00
22.1 1.612525592639505e-03 7.061118685567848e+00
22.2 1.612938117110430e-03 6.985273872781956e+00
22.3 1.613665876986611e-03 6.899133339861658e+00
22.4 1.619448055609780e-03 6.895913022484867e+00
22.5 1.635881280201722e-03 7.290237325053541e+00
22.6 1.636761907697098e-03 7.202864564588495e+00
22.7 1.637204261124371e-03 7.126914433198098e+00
22.8 1.637563278673016e-03 7.054503131971781e+00
22.9 1.637983618296691e-03 6.979317966813259e+00
23 1.638754318125375e-03 6.893436284855063e+00
23.1 1.647125727852665e-03 6.986912292636337e+00
23.2 1.660929909727650e-03 7.287122594302860e+00
23.3 1.661772444569393e-03 7.201636528560501e+00
23.4 1.662207128261358e-03 7.126971805142162e+00
23.5 1.662562078280461e-03 7.055676383028885e+00
23.6 1.662975455423710e-03 6.981754023063962e+00
23.7 1.663715752577569e-03 6.897737157038942e+00
23.8 1.669530949946578e-03 6.900576330753829e+00
23.9 1.685823361151812e-03 7.293876300751773e+00
24 1.686724736376687e-03 7.208696128436539e+00
24.1 1.687170815621783e-03 7.134560387376438e+00
24.2 1.687523350723063e-03 7.064280269315904e+00
24.3 1.687917065372820e-03 6.992128544512056e+00
24.4 1.688570288386545e-03 6.911317930172897e+00
24.5 1.691481080079480e-03 6.836416923582352e+00
24.6 1.710507916325712e-03 7.310084390345093e+00
24.7 1.711610894042372e-03 7.223953507865266e+00
24.8 1.712093883467868e-03 7.149460974986853e+00
24.9 1.712449434685397e-03 7.079927279001689e+00
25 1.712818174000715e-03 7.009765162719929e+00
25.1 1.713365253877438e-03 6.932981109547581e+00
25.2 1.714928676131819e-03 6.844758105302354e+00
25.3 1.734706519486125e-03 7.333110683292075e+00
25.4 1.736403117726620e-03 7.247770011026756e+00
25.5 1.736969737116644e-03 7.171673941232763e+00
25.6 1.737341541549756e-03 7.102299708722146e+00
25.7 1.737689311284310e-03 7.033947134528161e+00
25.8 1.738141143856964e-03 6.961319091225163e+00
25.9 1.739075273025843e-03 6.877529780993705e+00
26 1.755622560852340e-03 7.283477360348895e+00
26.1 1.761019326186573e-03 7.281050972156867e+00
26.2 1.761780098182203e-03 7.201589780847011e+00
26.3 1.762196304127865e-03 7.131305645463831e+00
26.4 1.762536748659641e-03 7.064127030630248e+00
26.5 1.762918407946861e-03 6.995124383499346e+00
26.6 1.763532187625493e-03 6.918462873358837e+00
26.7 1.765717742940912e-03 6.837933797805839e+00
26.8 1.785128847437128e-03 7.323504894521421e+00
26.9 1.786475404613695e-03 7.240286279153002e+00
27 1.786999875975363e-03 7.167294822492686e+00
27.1 1.787359033420009e-03 7.100122378336896e+00
27.2 1.787700656418889e-03 7.033681592881367e+00
27.3 1.788144132733951e-03 6.963136636692975e+00
27.4 1.789034680165613e-03 6.882259333229928e+00
27.5 1.802917927971864e-03 7.197892800612337e+00
27.6 1.810890238000896e-03 7.289731944322908e+00
27.7 1.811712919990788e-03 7.211398833835108e+00
27.8 1.812142683947600e-03 7.142325002260813e+00
27.9 1.812479684309080e-03 7.076893896167287e+00
28 1.812836720852937e-03 7.010563807607568e+00
28.1 1.813358402777362e-03 6.938341511110429e+00
28.2 1.814689352236005e-03 6.855706584285426e+00
28.3 1.833871424309158e-03 7.338839754690754e+00
28.4 1.836211058131526e-03 7.266062667104508e+00
28.5 1.836849565468822e-03 7.192038334671745e+00
28.6 1.837235266919521e-03 7.125397834323017e+00
28.7 1.837564538839225e-03 7.061065106647775e+00
28.8 1.837939684467010e-03 6.994766501141298e+00
28.9 1.838537564045212e-03 6.921384498269823e+00
29 1.840468802142317e-03 6.842912462877869e+00
29.1 1.859798191988065e-03 7.330991173424159e+00
29.2 1.861363357362581e-03 7.252137115301647e+00
29.3 1.861923102270186e-03 7.180871576419849e+00
29.4 1.862287751289112e-03 7.115825872934985e+00
29.5 1.862614127149682e-03 7.052359274416140e+00
29.6 1.863001074283735e-03 6.986371998191019e+00
29.7 1.863647808341793e-03 6.912785938237452e+00
29.8 1.866093349611552e-03 6.842485273554239e+00
29.9 1.885061474839460e-03 7.324962949035863e+00
30 1.886416738838970e-03 7.246818754877035e+00
30.1 1.886947945010072e-03 7.177150615072209e+00
30.2 1.887304123743417e-03 7.113188736584366e+00
30.3 1.887627773578793e-03 7.050563957217518e+00
30.4 1.888014566876785e-03 6.985346252721328e+00
30.5 1.888662517655285e-03 6.912654976322221e+00
30.6 1.891083285527570e-03 6.843559775669203e+00
30.7 1.910002526197310e-03 7.326342614568747e+00
30.8 1.911391146937178e-03 7.249456369028140e+00
30.9 1.911928956397479e-03 7.180450458269438e+00
31 1.912286002556336e-03 7.117182694143955e+00
31.1 1.912605908662791e-03 7.055427442740896e+00
31.2 1.912979957569009e-03 6.991439285157422e+00
31.3 1.913581319044980e-03 6.920656746508492e+00
31.4 1.915477367237875e-03 6.846197244927036e+00
31.5 1.934586276864637e-03 7.333987444724561e+00
31.6 1.936282501586703e-03 7.259815916360834e+00
31.7 1.936865062659617e-03 7.190567716032112e+00
31.8 1.937233686521131e-03 7.127573382382527e+00
31.9 1.937550528527024e-03 7.066641446234359e+00
32 1.937903440496345e-03 7.004196236277748e+00
32.1 1.938429854459891e-03 6.936092507936547e+00
32.2 1.939748554583496e-03 6.859669240931312e+00
32.3 1.958275697130176e-03 7.335402346021008e+00
32.4 1.961059033011454e-03 7.278007214616167e+00
32.5 1.961748313827727e-03 7.207523094328884e+00
32.6 1.962145472809970e-03 7.144219791700011e+00
32.7 1.962464064804284e-03 7.083890352765498e+00
32.8 1.962794296963910e-03 7.023054091516810e+00
32.9 1.963241158971763e-03 6.958013199972697e+00
33 1.964137154801039e-03 6.884427065642941e+00
33.1 1.973967305188928e-03 7.061441725971598e+00
33.2 1.985619985311504e-03 7.304170201777815e+00
33.3 1.986557647996512e-03 7.231643522471091e+00
33.4 1.987015254341438e-03 7.167155154455800e+00
33.5 1.987347215288408e-03 7.106945165172013e+00
33.6 1.987660548544269e-03 7.047481979677294e+00
33.7 1.988039583401475e-03 6.985434307304134e+00
33.8 1.988664038513827e-03 6.916694203105881e+00
33.9 1.990704163640702e-03 6.848017385237695e+00
34 2.009541648484324e-03 7.334110284297772e+00
34.1 2.011238122725074e-03 7.263683345259134e+00
34.2 2.011826975506249e-03 7.196726786200568e+00
34.3 2.012195937326643e-03 7.135788536319512e+00
34.4 2.012505638196584e-03 7.077126919157822e+00
34.5 2.012836489556529e-03 7.017580351907287e+00
34.6 2.013294338209792e-03 6.953670136117058e+00
34.7 2.014234915833210e-03 6.881633344622342e+00
34.8 2.025633211178200e-03 7.120781940216729e+00
34.9 2.035610683493130e-03 7.304389720810910e+00
35 2.036539477018904e-03 7.233811940164082e+00
35.1 2.036996306352055e-03 7.170780684276854e+00
35.2 2.037325932542329e-03 7.111953368748000e+00
35.3 2.037632272124349e-03 7.054049556194317e+00
35.4 2.037992342009332e-03 6.994027613218028e+00
35.5 2.038552938552387e-03 6.928222094962885e+00
35.6 2.040050750635604e-03 6.857011026141270e+00
35.7 2.058500064625628e-03 7.336382457480902e+00
35.8 2.061028276527504e-03 7.279962851312538e+00
35.9 2.061711354772409e-03 7.212911503955310e+00
36 2.062106610197032e-03 7.152406623352460e+00
36.1 2.062418165282383e-03 7.094911496256181e+00
36.2 2.062728783705399e-03 7.037437348470021e+00
36.3 2.063120328637310e-03 6.976967355077881e+00
36.4 2.063791763440331e-03 6.909812201465234e+00
36.5 2.066223072321122e-03 6.851232108713936e+00
36.6 2.084657307780443e-03 7.332047139087842e+00
36.7 2.086231423244818e-03 7.264133642142280e+00
36.8 2.086809200081029e-03 7.199679996586474e+00
36.9 2.087173874822751e-03 7.140830286436962e+00
37 2.087477021453606e-03 7.084272345339047e+00
37.1 2.087792638856766e-03 7.027195714763916e+00
37.2 2.088208229990550e-03 6.966610660433412e+00
37.3 2.088968292006336e-03 6.899006264581955e+00
37.4 2.092599577070902e-03 6.868896226684882e+00
37.5 2.110030504903165e-03 7.324488128569176e+00
37.6 2.111320980851864e-03 7.256157024200447e+00
37.7 2.111854126998296e-03 7.193342437558873e+00
37.8 2.112204819319658e-03 7.135592331433829e+00
37.9 2.112503713058009e-03 7.079789144119296e+00
38 2.112820704910690e-03 7.023248723738842e+00
38.1 2.113244846182992e-03 6.963056014055665e+00
38.2 2.114036596354904e-03 6.895913787042351e+00
38.3 2.118185191758350e-03 6.881806212567724e+00
38.4 2.135086399628640e-03 7.322875302642345e+00
38.5 2.136328652405158e-03 7.255407901967551e+00
38.6 2.136854297190334e-03 7.193446414529678e+00
38.7 2.137202221610465e-03 7.136391422312803e+00
38.8 2.137498786684445e-03 7.081251947905328e+00
38.9 2.137811781408107e-03 7.025446369187497e+00
39 2.138225837034949e-03 6.966189442626892e+00
39.1 2.138978213968253e-03 6.900292670184767e+00
39.2 2.142327010947088e-03 6.865916942342836e+00
39.3 2.159881124103997e-03 7.327559773898317e+00
39.4 2.161259349479784e-03 7.261567262957068e+00
39.5 2.161811017488574e-03 7.199751025913814e+00
39.6 2.162166784386810e-03 7.143016960049444e+00
39.7 2.162463096761584e-03 7.088446137064585e+00
39.8 2.162767624468772e-03 7.033536551220902e+00
39.9 2.163156171763579e-03 6.975672944681651e+00
40 2.163817000121696e-03 6.911752653149737e+00
40.1 2.166013978949293e-03 6.854421138860397e+00
40.2 2.184261646906767e-03 7.335490577840163e+00
40.3 2.186096677163712e-03 7.274576274446837e+00
40.4 2.186719547844859e-03 7.212196382951402e+00
40.5 2.187097242642253e-03 7.155341085678753e+00
40.6 2.187397600109600e-03 7.101160943310793e+00
40.7 2.187692213695079e-03 7.047193122750196e+00
40.8 2.188047343363261e-03 6.991001809769956e+00
40.9 2.188598742703154e-03 6.929678427354609e+00
41 2.189976711354383e-03 6.864222356782978e+00
41.1 2.207272998335894e-03 7.320450208092900e+00
41.2 2.210786444831524e-03 7.294489844891744e+00
41.3 2.211565901674483e-03 7.230931371394217e+00
41.4 2.211989019547366e-03 7.173355995981726e+00
41.5 2.212302204135235e-03 7.119235967973266e+00
41.6 2.212589814342150e-03 7.066083484797208e+00
41.7 2.212911882136580e-03 7.011608191399005e+00
41.8 2.213362631764778e-03 6.953197074927608e+00
41.9 2.214251327526480e-03 6.888517843611927e+00
42 2.220227156383832e-03 6.940095706327369e+00
42.1 2.235153740117984e-03 7.320320818656574e+00
42.2 2.236315813135001e-03 7.256370276254978e+00
42.3 2.236830739059645e-03 7.197252576868591e+00
42.4 2.237173737657147e-03 7.142637242986101e+00
42.5 2.237462694051746e-03 7.089957531425537e+00
42.6 2.237758890761913e-03 7.036985147907378e+00
42.7 2.238130203674164e-03 6.981402126496278e+00
42.8 2.238733917970580e-03 6.920480607717448e+00
42.9 2.240415718883203e-03 6.859535656956550e+00
43 2.258243887467509e-03 7.333158699324540e+00
43.1 2.260875611402380e-03 7.289070233671471e+00
43.2 2.261595395828137e-03 7.227541430398039e+00
43.3 2.262002390749959e-03 7.171563693605656e+00
43.4 2.262308775535070e-03 7.118747761177610e+00
43.5 2.262591851679607e-03 7.066803428618369e+00
43.6 2.262908030632283e-03 7.013605825282093e+00
43.7 2.263344778078018e-03 6.956745461174910e+00
43.8 2.264174323416510e-03 6.893994232147522e+00
43.9 2.268433223498784e-03 6.892290477469242e+00
44 2.284879379409100e-03 7.326680243625066e+00
44.1 2.286212320903016e-03 7.265155236629382e+00
44.2 2.286763667936080e-03 7.206598978059592e+00
44.3 2.287118294009630e-03 7.152687759931792e+00
44.4 2.287407522025778e-03 7.101013062857832e+00
44.5 2.287692975637368e-03 7.049471866112717e+00
44.6 2.288033168109845e-03 6.995969845763208e+00
44.7 2.288542189497753e-03 6.938050816742167e+00
44.8 2.289671646530434e-03 6.875385459071314e+00
44.9 2.303197577504226e-03 7.209835631286118e+00
45 2.310433139372463e-03 7.310393037153327e+00
45.1 2.311393516261005e-03 7.248903314670691e+00
45.2 2.311866033794340e-03 7.192479927476200e+00
45.3 2.312193612619519e-03 7.139954036367518e+00
45.4 2.312474861795620e-03 7.089072181651259e+00
45.5 2.312764855387199e-03 7.037847862813238e+00
45.6 2.313126011829463e-03 6.984204857690111e+00
45.7 2.313698458803080e-03 6.925734633780067e+00
45.8 2.315148666772539e-03 6.865557136438246e+00
45.9 2.331990185356375e-03 7.314453761020788e+00
46 2.335672347447777e-03 7.299726128503155e+00
46.1 2.336485985584870e-03 7.239542381963423e+00
46.2 2.336920910705846e-03 7.184531248362078e+00
46.3 2.337234916119817e-03 7.132960348568952e+00
46.4 2.337512224217125e-03 7.082707107413707e+00
46.5 2.337804889409140e-03 7.031867288482447e+00
46.6 2.338177626672391e-03 6.978402545905604e+00
46.7 2.338785642490451e-03 6.920010334418674e+00
46.8 2.340439475049282e-03 6.862773875214183e+00
46.9 2.357762363999457e-03 7.327095007238094e+00
47 2.360748075533000e-03 7.295699232634306e+00
47.1 2.361514186859408e-03 7.236512991527631e+00
47.2 2.361936155320671e-03 7.182353001692451e+00
47.3 2.362245075223984e-03 7.131441523923204e+00
47.4 2.362520022996137e-03 7.081746653371301e+00
47.5 2.362811331636114e-03 7.031432759487172e+00
47.6 2.363182515858026e-03 6.978529103036153e+00
47.7 2.363785543669059e-03 6.920828350093890e+00
47.8 2.365394945797063e-03 6.864046226969611e+00
47.9 2.382493463930845e-03 7.323004134407161e+00
48 2.385697388981829e-03 7.298157008861251e+00
48.1 2.386485523753611e-03 7.239495207733958e+00
48.2 2.386914330456197e-03 7.185704531550729e+00
48.3 2.387225196750582e-03 7.135204815347771e+00
48.4 2.387498809434487e-03 7.086020301718869e+00
48.5 2.387784571263295e-03 7.036375506209269e+00
48.6 2.388141364818719e-03 6.984393448719463e+00
48.7 2.388701115721843e-03 6.927940738916509e+00
48.8 2.390054136077733e-03 6.869693396134865e+00
48.9 2.405762128363218e-03 7.285991051627068e+00
49 2.410505383332099e-03 7.306788627903267e+00
49.1 2.411396253219627e-03 7.248367534194881e+00
49.2 2.411854129432411e-03 7.194467857942698e+00
49.3 2.412175122689157e-03 7.144110430476569e+00
49.4 2.412449466512622e-03 7.095350749072270e+00
49.5 2.412727145827054e-03 7.046458809345377e+00
49.6 2.413060708904220e-03 6.995665622735717e+00
49.7 2.413554079187051e-03 6.940936757282279e+00
49.8 2.414589930290919e-03 6.882123746859818e+00
49.9 2.423203030606057e-03 7.042230228966154e+00
50 2.435086152121847e-03 7.320678799438925e+00
50.1 2.436228986149524e-03 7.263183171339616e+00
50.2 2.436749542711453e-03 7.208653415742445e+00
50.3 2.437092907114799e-03 7.158085937103548e+00
50.4 2.437372607929744e-03 7.109576952698530e+00
50.5 2.437642626410481e-03 7.061414424658176e+00
50.6 2.437949917942988e-03 7.011932095847167e+00
50.7 2.438371709156443e-03 6.959244996038156e+00
50.8 2.439134894199668e-03 6.901809222737214e+00
50.9 2.441981651335166e-03 6.870682012389140e+00
51 2.459109770606859e-03 7.334050395443028e+00
51.1 2.460938178200079e-03 7.284091338794973e+00
51.2 2.461586173527768e-03 7.228437763301952e+00
51.3 2.461973174929350e-03 7.177169056811035e+00
51.4 2.462267321576193e-03 7.128600644542201e+00
51.5 2.462533924753845e-03 7.081000743197759e+00
51.6 2.462817591956416e-03 7.032775028190787e+00
51.7 2.463175443554946e-03 6.982211979323000e+00
51.8 2.463738240287314e-03 6.927428881207916e+00
51.9 2.465082203168613e-03 6.871614996256971e+00
52 2.480076835823065e-03 7.267256130102076e+00
52.1 2.485392795823025e-03 7.310648059676249e+00
52.2 2.486330709502758e-03 7.254207336251795e+00
52.3 2.486803459614466e-03 7.201577840819030e+00
52.4 2.487129150884916e-03 7.152452753265363e+00
52.5 2.487401470791955e-03 7.105073168367282e+00
52.6 2.487669003458598e-03 7.057859602941932e+00
52.7 2.487977071180935e-03 7.009246893130030e+00
52.8 2.488403105557934e-03 6.957464476596404e+00
52.9 2.489177210088902e-03 6.901234181560516e+00
53 2.492057165448743e-03 6.873144606606417e+00
53.1 2.509022700631494e-03 7.333881688773942e+00
53.2 2.510895634554373e-03 7.286408484511639e+00
53.3 2.511555100997773e-03 7.231803865348027e+00
53.4 2.511946402601903e-03 7.181383116264249e+00
53.5 2.512241108373286e-03 7.133664387730053e+00
53.6 2.512504671266446e-03 7.087016934125994e+00
53.7 2.512779755413767e-03 7.039948237401709e+00
53.8 2.513117001394600e-03 6.990887651079635e+00
53.9 2.513622128388339e-03 6.938078872550737e+00
54 2.514689238896254e-03 6.882243365223538e+00
54.1 2.523089557475120e-03 7.039848677414831e+00
54.2 2.534961193431300e-03 7.322915104319715e+00
54.3 2.536154411562421e-03 7.268631461584969e+00
54.4 2.536691364753434e-03 7.215981620736903e+00
54.5 2.537040482118934e-03 7.167084252451979e+00
54.6 2.537318994224788e-03 7.120325012901324e+00
54.7 2.537579832692460e-03 7.074182930621030e+00
54.8 2.537863956439389e-03 7.027216262550205e+00
54.9 2.538228613225263e-03 6.977852242136966e+00
55 2.538810254697629e-03 6.924461254668814e+00
55.1 2.540225060183255e-03 6.871687825131856e+00
55.2 2.555248379478824e-03 7.271778131373877e+00
55.3 2.560346261672494e-03 7.311737928892052e+00
55.4 2.561292404499206e-03 7.257276428095430e+00
55.5 2.561769938582792e-03 7.206060137421876e+00
55.6 2.562096947576652e-03 7.158209474660334e+00
55.7 2.562367010288392e-03 7.112146985755584e+00
55.8 2.562627119004750e-03 7.066430425408603e+00
55.9 2.562917821058590e-03 7.019657127135027e+00
56 2.563301303487273e-03 6.970273312134549e+00
56.1 2.563937211965447e-03 6.916831555815111e+00
56.2 2.565643347388133e-03 6.868421369790186e+00
56.3 2.581949644227148e-03 7.312090305441894e+00
56.4 2.585500619295341e-03 7.305688104925746e+00
56.5 2.586351952415428e-03 7.251884041109944e+00
56.6 2.586803905950995e-03 7.201601026434023e+00
56.7 2.587120958503833e-03 7.154457864040312e+00
56.8 2.587386907991488e-03 7.108935056976845e+00
56.9 2.587646007511870e-03 7.063647519640575e+00
57 2.587938210528084e-03 7.017233252911779e+00
57.1 2.588326712621404e-03 6.968179878406612e+00
57.2 2.588976699064875e-03 6.915157864127691e+00
57.3 2.590754931216064e-03 6.868665489847346e+00
57.4 2.607109872733410e-03 7.314930040988529e+00
57.5 2.610505132759674e-03 7.305310486094845e+00
57.6 2.611348208142770e-03 7.252119477614725e+00
57.7 2.611798460902089e-03 7.202334244184229e+00
57.8 2.612114677098870e-03 7.155627530283216e+00
57.9 2.612379510226144e-03 7.110533001248239e+00
58 2.612636479789442e-03 7.065707727571019e+00
58.1 2.612924260532359e-03 7.019835854794309e+00
58.2 2.613302482799758e-03 6.971464242911525e+00
58.3 2.613921510506113e-03 6.919261174164614e+00
58.4 2.615506094208728e-03 6.870832438108573e+00
58.5 2.631079275810697e-03 7.292840122225996e+00
58.6 2.635366805105096e-03 7.310414142747897e+00
58.7 2.636282221967468e-03 7.257804971059412e+00
58.8 2.636753923756119e-03 7.208113890413948e+00
58.9 2.637078370624650e-03 7.161583702751983e+00
59 2.637345270640979e-03 7.116802760809199e+00
59.1 2.637599437334596e-03 7.072456563920674e+00
59.2 2.637877895102357e-03 7.027277939003867e+00
59.3 2.638233363186763e-03 6.979887471175410e+00
59.4 2.638787977025830e-03 6.928897159716197e+00
59.5 2.640041936039692e-03 6.877665029521861e+00
59.6 2.651926954062211e-03 7.169314509381968e+00
59.7 2.660030907596271e-03 7.320220776493302e+00
59.8 2.661141964457611e-03 7.268895480176051e+00
59.9 2.661665895981124e-03 7.218906436630188e+00
60 2.662010378010040e-03 7.172256194818498e+00
