0.1 1.118963964564981e-04 6.663530648294921e+00
0.2 1.615084227383375e-04 6.910100166306528e+00
0.3 1.871744935919489e-04 6.776137614282353e+00
0.4 2.125194977974167e-04 6.726330258112664e+00
0.5 2.376033583091073e-04 6.741331553926858e+00
0.6 2.624432520132238e-04 6.808317383774142e+00
0.7 2.871923420521216e-04 6.903968253874952e+00
0.8 3.118360610173371e-04 7.023222490306869e+00
0.9 3.355295634486086e-04 7.205365860860572e+00
1 3.377419432004776e-04 6.804648719842053e+00
1.1 3.620886928290079e-04 6.990459598162053e+00
1.2 3.856634669178492e-04 7.218365557722549e+00
1.3 3.875780429256725e-04 6.871727162621457e+00
1.4 4.117851350938794e-04 7.090431195514559e+00
1.5 4.131526135370738e-04 6.779119858584740e+00
1.6 4.370601872260563e-04 7.035433988765737e+00
1.7 4.390221017751192e-04 6.711028406237084e+00
1.8 4.621693108504236e-04 7.016071842054526e+00
1.9 4.646639019714213e-04 6.693904789719678e+00
2 4.871723920610612e-04 7.024259517904579e+00
2.1 4.889930982347327e-04 6.731612373664167e+00
2.2 5.120810384125615e-04 7.056256842973442e+00
2.3 5.132787052146870e-04 6.802245096933207e+00
2.4 5.368786225416711e-04 7.110677330805570e+00
2.5 5.378143903608628e-04 6.882484405017041e+00
2.6 5.614264205283071e-04 7.192976862791809e+00
2.7 5.624714834941725e-04 6.967724700219575e+00
2.8 5.819163397235670e-04 7.284593163636031e+00
2.9 5.871358572232271e-04 7.061971948585778e+00
3 5.881161724641801e-04 6.845822017219053e+00
3.1 6.115896013011492e-04 7.178584085127087e+00
3.2 6.124923374403046e-04 6.975448791982506e+00
3.3 6.160177969387147e-04 6.724383410179244e+00
3.4 6.370115525391059e-04 7.102257821745663e+00
3.5 6.378034445106837e-04 6.911305403062936e+00
3.6 6.607237455352956e-04 7.272279401183997e+00
3.7 6.622132189407539e-04 7.057837725244321e+00
3.8 6.630942331152368e-04 6.866836636672270e+00
3.9 6.863007722098314e-04 7.226628186528461e+00
4 6.873177126052363e-04 7.035742792694190e+00
4.1 6.882954003530980e-04 6.844971723978869e+00
4.2 7.114369355450062e-04 7.213262741732557e+00
4.3 7.123466454728496e-04 7.032762349898725e+00
4.4 7.133097801604529e-04 6.848111491958508e+00
4.5 7.363721931625337e-04 7.223724815803386e+00
4.6 7.373067843074574e-04 7.046926266674538e+00
4.7 7.381487213973225e-04 6.873660954170876e+00
4.8 7.610586130774864e-04 7.257368683775592e+00
4.9 7.622017885630045e-04 7.076669146397038e+00
5 7.629117666470329e-04 6.915603404508955e+00
5.1 7.848334615453155e-04 7.318048830531040e+00
5.2 7.870224315234416e-04 7.121420348639328e+00
5.3 7.876642692495303e-04 6.968789518750309e+00
5.4 7.897189265424872e-04 6.770306398247506e+00
5.5 8.117105569465881e-04 7.183389992682552e+00
5.6 8.124141381547296e-04 7.031089591050693e+00
5.7 8.132680171898723e-04 6.870219435710467e+00
5.8 8.359288875563192e-04 7.272952645152619e+00
5.9 8.371256011092964e-04 7.103803911171135e+00
6 8.377401187451622e-04 6.960095476397537e+00
6.1 8.400088169640580e-04 6.771152772079487e+00
6.2 8.616711358748595e-04 7.193672376685972e+00
6.3 8.623669843539964e-04 7.048904826926689e+00
6.4 8.630855421709007e-04 6.902488104221153e+00
6.5 8.848367290122866e-04 7.323104145226305e+00
6.6 8.869461653188456e-04 7.147009940973609e+00
6.7 8.875366315267696e-04 7.011352843448169e+00
6.8 8.884652848222265e-04 6.858455584548896e+00
6.9 9.109381799605471e-04 7.276362683544135e+00
7 9.120838085858077e-04 7.120325852613520e+00
7.1 9.126486056863280e-04 6.989149533725193e+00
7.2 9.138096439586923e-04 6.831582185109336e+00
7.3 9.362060673673961e-04 7.255126429782576e+00
7.4 9.371424134813567e-04 7.109452271053547e+00
7.5 9.376971974710285e-04 6.981684092819457e+00
7.6 9.389460119550816e-04 6.825293011527254e+00
7.7 9.612293443848975e-04 7.254028807580986e+00
7.8 9.621378399137149e-04 7.112507511461532e+00
7.9 9.626793420961880e-04 6.988215658876594e+00
8 9.637879380162690e-04 6.839274103113851e+00
8.1 9.860519575361634e-04 7.270824288438360e+00
8.2 9.870730022975989e-04 7.128472488408809e+00
8.3 9.876023334945462e-04 7.007459809814922e+00
8.4 9.884725946839152e-04 6.869868932900557e+00
8.5 1.010488340371598e-03 7.306465260592372e+00
8.6 1.011939444683719e-03 7.157054724985918e+00
8.7 1.012478075043609e-03 7.037947372703829e+00
8.8 1.013145190638991e-03 6.911982099352421e+00
8.9 1.031486197564806e-03 7.300790657378749e+00
9 1.036701486148699e-03 7.199242492884817e+00
9.1 1.037311742428338e-03 7.078690400411643e+00
9.2 1.037852644270683e-03 6.961758956577146e+00
9.3 1.039387134670978e-03 6.813592797787333e+00
9.4 1.061216794399632e-03 7.259045480575505e+00
9.5 1.062089116964987e-03 7.129956576616987e+00
9.6 1.062587858070217e-03 7.017657026946216e+00
9.7 1.063330955427446e-03 6.893272887446825e+00
9.8 1.084095037678399e-03 7.337692062271390e+00
9.9 1.086746045485370e-03 7.194508981269193e+00
10 1.087320927808756e-03 7.080251507259234e+00
10.1 1.087839124214305e-03 6.968972827317698e+00
10.2 1.089118766995147e-03 6.831327045940578e+00
10.3 1.110966357478312e-03 7.281291660207558e+00
10.4 1.111990654728796e-03 7.152592323336054e+00
10.5 1.112484731974306e-03 7.044681444062556e+00
10.6 1.113076951391162e-03 6.931667846349800e+00
10.7 1.116087693553770e-03 6.795916169522029e+00
10.8 1.136394721169045e-03 7.243078966990859e+00
10.9 1.137127421371484e-03 7.126141099808280e+00
11 1.137598669941263e-03 7.021448171672665e+00
11.1 1.138278751693382e-03 6.906575362724146e+00
11.2 1.154645092166368e-03 7.248639562804954e+00
11.3 1.161565886022155e-03 7.223131497175318e+00
11.4 1.162197996100733e-03 7.112378763321439e+00
11.5 1.162662308359225e-03 7.009926228159550e+00
11.6 1.163397973865336e-03 6.894950747351022e+00
11.7 1.182964826801938e-03 7.332850648077545e+00
11.8 1.186613957384252e-03 7.217438717419575e+00
11.9 1.187215274684178e-03 7.109966928273735e+00
12 1.187672603848393e-03 7.009675809409465e+00
12.1 1.188396834339363e-03 6.897201264895804e+00
12.2 1.207153483779470e-03 7.319386811745958e+00
12.3 1.211567012346079e-03 7.224377956017113e+00
12.4 1.212183301146981e-03 7.118110639689829e+00
12.5 1.212631184386642e-03 7.020036299312284e+00
12.6 1.213283630914176e-03 6.912318819100714e+00
12.7 1.220057783472195e-03 6.894460351235364e+00
12.8 1.236411510711665e-03 7.243686703241472e+00
12.9 1.237101205561670e-03 7.136333263749711e+00
13 1.237544548808432e-03 7.040127728220104e+00
13.1 1.238103008625460e-03 6.938248907852328e+00
13.2 1.240118648814191e-03 6.811649995095864e+00
13.3 1.261068676240614e-03 7.276493864052853e+00
13.4 1.261959768337633e-03 7.164617058865039e+00
13.5 1.262418902303468e-03 7.069133864040893e+00
13.6 1.262896528406637e-03 6.972772646331341e+00
13.7 1.263935510193454e-03 6.857360523302779e+00
13.8 1.285140987165300e-03 7.324456942919424e+00
13.9 1.286727954860497e-03 7.203847309606370e+00
14 1.287253154340276e-03 7.106689987747297e+00
14.1 1.287683638624281e-03 7.014287422400676e+00
14.2 1.288334931365940e-03 6.912001661619901e+00
14.3 1.293595806626533e-03 6.854227700648042e+00
14.4 1.311299363188567e-03 7.256824872474676e+00
14.5 1.312029064071839e-03 7.153377615842339e+00
14.6 1.312462948492911e-03 7.062216776452524e+00
14.7 1.312939351484662e-03 6.968993499485883e+00
14.8 1.313996403202251e-03 6.857296480586957e+00
14.9 1.335028518028335e-03 7.328004499191033e+00
15 1.336682501917119e-03 7.211623496511583e+00
15.1 1.337213485458074e-03 7.117260038515408e+00
15.2 1.337628366211243e-03 7.028538898681504e+00
15.3 1.338195005463345e-03 6.932808698699327e+00
15.4 1.340272117292625e-03 6.817003053624649e+00
15.5 1.360931410627230e-03 7.287864815674576e+00
15.6 1.361877374743728e-03 7.182041498979951e+00
15.7 1.362334686480982e-03 7.092492124671716e+00
15.8 1.362755818216557e-03 7.004828399641172e+00
15.9 1.363432461441135e-03 6.906562955010847e+00
16 1.369629400875082e-03 6.889474623386452e+00
16.1 1.386241771578669e-03 7.263334240010020e+00
16.2 1.386981843482345e-03 7.164451571025156e+00
16.3 1.387408195156285e-03 7.077772230213741e+00
16.4 1.387839458255691e-03 6.990937295573816e+00
16.5 1.388605981229005e-03 6.891481225776833e+00
16.6 1.405430116665582e-03 7.277170183590851e+00
16.7 1.411358251268347e-03 7.252251691191845e+00
16.8 1.412025323521631e-03 7.157153197465115e+00
16.9 1.412438430693939e-03 7.072421129648734e+00
17 1.412871419513798e-03 6.986798587559517e+00
17.1 1.413662309473847e-03 6.888263268061194e+00
17.2 1.431226346544060e-03 7.299603154217947e+00
17.3 1.436356393018633e-03 7.252733182233957e+00
17.4 1.437017578232631e-03 7.159264859576524e+00
17.5 1.437427105301853e-03 7.075941454117407e+00
17.6 1.437849354574899e-03 6.992085534968060e+00
17.7 1.438585261431642e-03 6.896587832576484e+00
17.8 1.450218868823044e-03 7.095944729662877e+00
17.9 1.461241529611122e-03 7.264115393990817e+00
18 1.461959481875744e-03 7.170341604478656e+00
18.1 1.462375828358523e-03 7.087870831063545e+00
18.2 1.462778915074911e-03 7.006138952676580e+00
18.3 1.463411476115723e-03 6.915214955762414e+00
18.4 1.466587899877315e-03 6.825485321223981e+00
18.5 1.485962335782448e-03 7.286663525317016e+00
18.6 1.486843407352544e-03 7.190326108882079e+00
18.7 1.487285303946552e-03 7.107823296003025e+00
18.8 1.487670122567607e-03 7.028126162551787e+00
18.9 1.488194068966843e-03 6.942369112917253e+00
19 1.489664775782199e-03 6.839500062638022e+00
19.1 1.510291755776409e-03 7.320750169206200e+00
19.2 1.511644956619637e-03 7.219737882364407e+00
19.3 1.512151906067986e-03 7.135656911231988e+00
19.4 1.512531187022838e-03 7.057308780714833e+00
19.5 1.512968389924812e-03 6.976320273825414e+00
19.6 1.513816296983082e-03 6.882467008451113e+00
19.7 1.531695635532899e-03 7.311540384152819e+00
19.8 1.536290570642808e-03 7.260123578101012e+00
19.9 1.536960630629426e-03 7.171757827530562e+00
20 1.537363179359006e-03 7.093324655775930e+00
20.1 1.537746750578651e-03 7.015890570299165e+00
20.2 1.538307088343562e-03 6.931255042128286e+00
20.3 1.540119348615256e-03 6.832101308485682e+00
20.4 1.560468323673487e-03 7.314027964470847e+00
20.5 1.561665934293092e-03 7.217544357887903e+00
20.6 1.562154513178766e-03 7.136485162389234e+00
20.7 1.562524818845820e-03 7.060687106793549e+00
20.8 1.562945140332708e-03 6.982646208434995e+00
20.9 1.563710608678504e-03 6.893397540116933e+00
21 1.574109835880068e-03 7.058167594154330e+00
21.1 1.586106241246551e-03 7.276423331617210e+00
21.2 1.586867120161808e-03 7.188242853391078e+00
21.3 1.587284258904147e-03 7.111236385305578e+00
21.4 1.587649535756869e-03 7.036721390750876e+00
21.5 1.588121168570240e-03 6.957629660510817e+00
21.6 1.589179895733469e-03 6.864657465708688e+00
21.7 1.608892045438335e-03 7.341254517654964e+00
21.8 1.611375287778398e-03 7.252248449978283e+00
21.9 1.611982758259110e-03 7.169341764224429e+00
22 1.612368252603385e-03 7.094782293395077e+00
22.1 1.612737348043145e-03 7.021082680830709e+00
22.2 1.613256731777312e-03 6.941306686049984e+00
22.3 1.614645178117300e-03 6.847374087279533e+00
22.4 1.634857810801763e-03 7.332566245904225e+00
22.5 1.636497334301468e-03 7.239207201986646e+00
22.6 1.637041425124383e-03 7.159408721447751e+00
22.7 1.637412511266126e-03 7.086489302871914e+00
22.8 1.637784147591632e-03 7.013636515807646e+00
22.9 1.638328840804540e-03 6.934085785733778e+00
23 1.639917978998579e-03 6.841570908843153e+00
23.1 1.660070195706306e-03 7.327526630794688e+00
23.2 1.661528307505332e-03 7.235790620345300e+00
23.3 1.662053685305037e-03 7.157666333365503e+00
23.4 1.662419110390790e-03 7.085941111872420e+00
23.5 1.662787115099783e-03 7.014188159641505e+00
23.6 1.663323368485379e-03 6.935971989620233e+00
23.7 1.664827162877933e-03 6.845025427827578e+00
23.8 1.684902120692661e-03 7.331526966181229e+00
23.9 1.686481704127513e-03 7.241287514513251e+00
24 1.687022579662618e-03 7.163674569967010e+00
24.1 1.687389291583303e-03 7.092787084469627e+00
24.2 1.687747567469585e-03 7.022377537693920e+00
24.3 1.688245131846051e-03 6.946470102148622e+00
24.4 1.689456092900520e-03 6.857867173776583e+00
24.5 1.709155119533930e-03 7.340532675133276e+00
24.6 1.711346724691634e-03 7.255578101663788e+00
24.7 1.711945816123312e-03 7.177239435605262e+00
24.8 1.712323895382210e-03 7.106715449522239e+00
24.9 1.712670574829197e-03 7.037699542378581e+00
25 1.713114133013862e-03 6.964689159611895e+00
25.1 1.714011431109748e-03 6.880550004088119e+00
25.2 1.730169563253770e-03 7.271252836980982e+00
25.3 1.736076106927156e-03 7.279086823458393e+00
25.4 1.736813517675687e-03 7.198458839884198e+00
25.5 1.737221861393677e-03 7.127522566415499e+00
25.6 1.737562005857785e-03 7.059628695827126e+00
25.7 1.737952675648620e-03 6.989592022449916e+00
25.8 1.738606820884458e-03 6.911200611572204e+00
25.9 1.741411143161238e-03 6.838763995286436e+00
26 1.760503391657040e-03 7.312366833935199e+00
26.1 1.761598990155300e-03 7.227902895538115e+00
26.2 1.762076773735718e-03 7.155256660934807e+00
26.3 1.762424796634528e-03 7.087788783699906e+00
26.4 1.762775720205208e-03 7.020278053497043e+00
26.5 1.763265639568361e-03 6.947487936345628e+00
26.6 1.764413029637467e-03 6.863302863702985e+00
26.7 1.783506780720630e-03 7.339427295603723e+00
26.8 1.786225980241852e-03 7.266923812870198e+00
26.9 1.786869437026624e-03 7.190449979004830e+00
27 1.787255103289516e-03 7.122142905761740e+00
27.1 1.787587966311766e-03 7.056210542237059e+00
27.2 1.787976782876010e-03 6.987948287123137e+00
27.3 1.788629039315349e-03 6.911641399750365e+00
27.4 1.791291462384658e-03 6.840349641580422e+00
27.5 1.810385749723089e-03 7.316972699699609e+00
27.6 1.811546002203302e-03 7.234520392631048e+00
27.7 1.812036133754455e-03 7.163236182696496e+00
27.8 1.812383512901003e-03 7.097381157915951e+00
27.9 1.812720490559846e-03 7.032072898166923e+00
28 1.813161985897022e-03 6.962681844819732e+00
28.1 1.814046292101030e-03 6.883341850536907e+00
28.2 1.827303832262494e-03 7.177473863417469e+00
28.3 1.835915834386017e-03 7.290247569852934e+00
28.4 1.836720169463422e-03 7.212616335110816e+00
28.5 1.837142488155640e-03 7.144505490316123e+00
28.6 1.837473621246738e-03 7.080157897738680e+00
28.7 1.837821166980708e-03 7.015173229931011e+00
28.8 1.838316256883749e-03 6.944882224137220e+00
28.9 1.839478185060408e-03 6.864355154120715e+00
29 1.858182467996467e-03 7.336480393367598e+00
29.1 1.861146203543898e-03 7.273598595913845e+00
29.2 1.861814433310590e-03 7.199442375324654e+00
29.3 1.862204555652089e-03 7.133338985852941e+00
29.4 1.862528602148307e-03 7.070062096367284e+00
29.5 1.862884626231813e-03 7.005486785728699e+00
29.6 1.863417289101758e-03 6.934966277345605e+00
29.7 1.864806606828079e-03 6.855318736239894e+00
29.8 1.884056763542948e-03 7.340042674887577e+00
29.9 1.886235226858452e-03 7.266142033135075e+00
30 1.886852130586852e-03 7.194022526614146e+00
30.1 1.887228762372997e-03 7.129205590047734e+00
30.2 1.887548938177883e-03 7.066825324253826e+00
30.3 1.887905988026855e-03 7.002953115217313e+00
30.4 1.888446015035933e-03 6.933088806296582e+00
30.5 1.889875012906404e-03 6.854776134357768e+00
30.6 1.909074622556985e-03 7.339855150795010e+00
30.7 1.911224297475166e-03 7.267071638434290e+00
30.8 1.911841425938465e-03 7.195823368879664e+00
30.9 1.912217618424368e-03 7.131758598817520e+00
31 1.912535116378311e-03 7.070193818841398e+00
31.1 1.912884271488864e-03 7.007362047164985e+00
31.2 1.913398492631735e-03 6.939026108033128e+00
31.3 1.914653422741397e-03 6.861819714336757e+00
31.4 1.933327740291014e-03 7.337407817812031e+00
31.5 1.936113771238564e-03 7.276049362795270e+00
31.6 1.936782228463833e-03 7.204599923453338e+00
31.7 1.937171495697918e-03 7.140760287918573e+00
31.8 1.937488460006222e-03 7.079890616670228e+00
31.9 1.937823255698593e-03 7.018338865455080e+00
32 1.938288432538664e-03 6.952207015979313e+00
32.1 1.939274916752754e-03 6.877177155874338e+00
32.2 1.954528619485388e-03 7.252274489341559e+00
32.3 1.960864793059386e-03 7.293098636861119e+00
32.4 1.961666075949236e-03 7.220372373912391e+00
32.5 1.962088308388683e-03 7.156088324635443e+00
32.6 1.962410456716525e-03 7.095645704308909e+00
32.7 1.962729549779644e-03 7.035411579960018e+00
32.8 1.963138006046586e-03 6.971833107762543e+00
32.9 1.963876106410457e-03 6.900518629735120e+00
33 1.967542651926482e-03 6.863609257615913e+00
33.1 1.985337722512275e-03 7.317932785068058e+00
33.2 1.986469306883717e-03 7.243496940295826e+00
33.3 1.986961234908610e-03 7.177806601050444e+00
33.4 1.987300953356145e-03 7.117275392880398e+00
33.5 1.987609317717813e-03 7.058127113717841e+00
33.6 1.987966614710440e-03 6.997063960890056e+00
33.7 1.988517720599154e-03 6.930184845298362e+00
33.8 1.989977128177780e-03 6.856851233336291e+00
33.9 2.008792787399180e-03 7.339335025266120e+00
34 2.011128060949332e-03 7.274769658180517e+00
34.1 2.011772893847177e-03 7.206303724698627e+00
34.2 2.012155264862618e-03 7.144800408413378e+00
34.3 2.012465198210535e-03 7.086184525238028e+00
34.4 2.012785312246836e-03 7.027216966222644e+00
34.5 2.013209441417446e-03 6.964547121042434e+00
34.6 2.014008609598707e-03 6.894191859498252e+00
34.7 2.018893628515628e-03 6.896183861830588e+00
34.8 2.035418345375589e-03 7.314656085907442e+00
34.9 2.036478608625400e-03 7.242518606672299e+00
35 2.036958834896622e-03 7.178614347173630e+00
35.1 2.037293494650338e-03 7.119574771439448e+00
35.2 2.037596125504231e-03 7.061922949520603e+00
35.3 2.037941285079059e-03 7.002627121660566e+00
35.4 2.038455086820669e-03 6.938168244484173e+00
35.5 2.039671695986520e-03 6.866513556888503e+00
35.6 2.057341494816368e-03 7.323677200850032e+00
35.7 2.060938687218222e-03 7.288069324221564e+00
35.8 2.061673246163423e-03 7.219751319658557e+00
35.9 2.062079611304929e-03 7.158754159112774e+00
36 2.062392222558005e-03 7.101242536779015e+00
36.1 2.062697165011180e-03 7.044122203917017e+00
36.2 2.063071472686363e-03 6.984425683296862e+00
36.3 2.063685071791475e-03 6.918554812737161e+00
36.4 2.065561955866526e-03 6.852220113496376e+00
36.5 2.084343633543350e-03 7.337322389777860e+00
36.6 2.086182185102017e-03 7.270253412878762e+00
36.7 2.086785030796202e-03 7.204931914315322e+00
36.8 2.087154976182066e-03 7.145813102010854e+00
36.9 2.087457248680333e-03 7.089340667125217e+00
37 2.087766684935608e-03 7.032645335919200e+00
37.1 2.088165155659723e-03 6.972796470460001e+00
37.2 2.088864120075330e-03 6.906291303355503e+00
37.3 2.091579395484688e-03 6.854965229889519e+00
37.4 2.109885681619544e-03 7.329652641323744e+00
37.5 2.111294553239638e-03 7.260562686813631e+00
37.6 2.111840467013908e-03 7.197151496257304e+00
37.7 2.112193161399177e-03 7.139265078595530e+00
37.8 2.112490340878687e-03 7.083591896158388e+00
37.9 2.112801762790578e-03 7.027409097706848e+00
38 2.113211444191952e-03 6.967853419447809e+00
38.1 2.113950791231994e-03 6.901602193966870e+00
38.2 2.117167967075868e-03 6.862948132269640e+00
38.3 2.135011086475621e-03 7.326668734220950e+00
38.4 2.136319153532313e-03 7.258265961346575e+00
38.5 2.136849950998919e-03 7.195885392230405e+00
38.6 2.137197622692170e-03 7.138776655311672e+00
38.7 2.137492142894521e-03 7.083779651309054e+00
38.8 2.137800822422077e-03 7.028279183393694e+00
38.9 2.138204750152000e-03 6.969526430078558e+00
39 2.138922308390037e-03 6.904335850066824e+00
39.1 2.141778187887455e-03 6.858778513649217e+00
39.2 2.159851128990429e-03 7.329983972317514e+00
39.3 2.161265944184772e-03 7.262969583112065e+00
39.4 2.161816093173340e-03 7.200850316829705e+00
39.5 2.162169447076975e-03 7.144121221879219e+00
39.6 2.162463409023110e-03 7.089693739506345e+00
39.7 2.162764938420217e-03 7.035029488902038e+00
39.8 2.163147871755192e-03 6.977531698080939e+00
39.9 2.163791907113608e-03 6.914129900316768e+00
40 2.165838323450758e-03 6.854882446612828e+00
40.1 2.184281439766728e-03 7.337019710350756e+00
40.2 2.186122848364145e-03 7.274577754014727e+00
40.3 2.186735445103847e-03 7.211955941196285e+00
40.4 2.187107787815053e-03 7.155158875012196e+00
40.5 2.187405039575268e-03 7.101128393454657e+00
40.6 2.187697493479707e-03 7.047357835004503e+00
40.7 2.188050442693169e-03 6.991413366560967e+00
40.8 2.188597523772533e-03 6.930414716094571e+00
40.9 2.189951756588976e-03 6.865192431126612e+00
41 2.207406199103980e-03 7.323931962115039e+00
41.1 2.210843702636674e-03 7.293184238829221e+00
41.2 2.211596171454922e-03 7.229323679795363e+00
41.3 2.212008847082299e-03 7.171864796868790e+00
41.4 2.212317151830659e-03 7.117920350512371e+00
41.5 2.212602546271190e-03 7.064943776198849e+00
41.6 2.212924225137200e-03 7.010634565444695e+00
41.7 2.213376860245845e-03 6.952387430209120e+00
41.8 2.214274745693360e-03 6.887955425493780e+00
41.9 2.220589516416845e-03 6.951760657540852e+00
42 2.235280658133257e-03 7.318269137642861e+00
42.1 2.236368983504918e-03 7.253350688083044e+00
42.2 2.236862941910011e-03 7.194401275947433e+00
42.3 2.237197291060271e-03 7.140018344430460e+00
42.4 2.237482687615017e-03 7.087531329156707e+00
42.5 2.237778615038624e-03 7.034693711498532e+00
42.6 2.238153598826869e-03 6.979179641817720e+00
42.7 2.238771190921992e-03 6.918287642226701e+00
42.8 2.240550115612944e-03 6.858833405366335e+00
42.9 2.258680123460645e-03 7.337231301171516e+00
43 2.260975661105329e-03 7.284691874256673e+00
43.1 2.261647149833624e-03 7.223238052169680e+00
43.2 2.262037319573866e-03 7.167584015086864e+00
43.3 2.262336788676003e-03 7.115025481183698e+00
43.4 2.262618080159117e-03 7.063239870350976e+00
43.5 2.262937118484033e-03 7.010090159804096e+00
43.6 2.263385188974524e-03 6.953153247317008e+00
43.7 2.264259631456080e-03 6.890416740339784e+00
43.8 2.269520390828200e-03 6.921000792014261e+00
43.9 2.285129556800403e-03 7.322475534005624e+00
44 2.286302901975550e-03 7.259299542169211e+00
44.1 2.286816694860529e-03 7.201139848404095e+00
44.2 2.287157011900813e-03 7.147606972077055e+00
44.3 2.287440876028197e-03 7.096175857009264e+00
44.4 2.287726684508378e-03 7.044731719557570e+00
44.5 2.288074107464981e-03 6.991161796959451e+00
44.6 2.288606852167105e-03 6.933004126978016e+00
44.7 2.289852499457392e-03 6.871001394846105e+00
44.8 2.305697899629746e-03 7.285603994786630e+00
44.9 2.310636553017485e-03 7.303513152754908e+00
45 2.311482773857919e-03 7.241783868647235e+00
45.1 2.311922404151455e-03 7.185894261925755e+00
45.2 2.312237084265883e-03 7.133767307610720e+00
45.3 2.312514284144425e-03 7.083101240641011e+00
45.4 2.312806935944634e-03 7.031901760545614e+00
45.5 2.313180545936138e-03 6.978064884204446e+00
45.6 2.313793284776249e-03 6.919214807239062e+00
45.7 2.315491985852635e-03 6.861882624429474e+00
45.8 2.333234359648782e-03 7.333882932023241e+00
45.9 2.335865986160932e-03 7.291131821824180e+00
46 2.336579150136702e-03 7.231202578542388e+00
46.1 2.336982385269707e-03 7.176808966706380e+00
46.2 2.337283948765221e-03 7.125652753824237e+00
46.3 2.337558125667333e-03 7.075590186893923e+00
46.4 2.337855528362058e-03 7.024708387429090e+00
46.5 2.338245777438710e-03 6.970933190433283e+00
46.6 2.338910828472611e-03 6.912049809496388e+00
46.7 2.340971742982434e-03 6.860896957074960e+00
46.8 2.358836721654452e-03 7.336765969170824e+00
46.9 2.360952300541998e-03 7.285650373535903e+00
47 2.361615890220028e-03 7.226928770894727e+00
47.1 2.362004496738675e-03 7.173463584524917e+00
47.2 2.362300374714998e-03 7.122995368944434e+00
47.3 2.362572465634167e-03 7.073482398613759e+00
47.4 2.362869871871880e-03 7.023080090502843e+00
47.5 2.363262100581682e-03 6.969776132226601e+00
47.6 2.363932746021050e-03 6.911473521983480e+00
47.7 2.366016037354980e-03 6.861746536830763e+00
47.8 2.383797128600703e-03 7.336507042766302e+00
47.9 2.385932564998033e-03 7.286754713604895e+00
48 2.386601265148169e-03 7.228602463335869e+00
48.1 2.386991691902760e-03 7.175599555500400e+00
48.2 2.387287544180685e-03 7.125598050157331e+00
48.3 2.387557642642894e-03 7.076614816477463e+00
48.4 2.387849711382058e-03 7.026868381549090e+00
48.5 2.388228536465575e-03 6.974437368466823e+00
48.6 2.388856307630601e-03 6.917261070956291e+00
48.7 2.390610012631794e-03 6.863543253735721e+00
48.8 2.408099399784127e-03 7.332008995637885e+00
48.9 2.410803966894739e-03 7.294210181707161e+00
49 2.411534272789578e-03 7.236068606330687e+00
49.1 2.411943674326095e-03 7.183074273680325e+00
49.2 2.412245706345034e-03 7.133308314191364e+00
49.3 2.412514630823560e-03 7.084807743515833e+00
49.4 2.412797436802758e-03 7.035843892889933e+00
49.5 2.413151307734315e-03 6.984605853416364e+00
49.6 2.413704277776214e-03 6.929064603319292e+00
49.7 2.415014726708478e-03 6.871685195733042e+00
49.8 2.430433388591752e-03 7.278105105057258e+00
49.9 2.435521658857685e-03 7.307751393686146e+00
50 2.436404084440394e-03 7.249358028766804e+00
50.1 2.436856595854469e-03 7.195860356309755e+00
50.2 2.437173879923785e-03 7.146026920195754e+00
50.3 2.437444575676104e-03 7.097882901218829e+00
50.4 2.437717075453587e-03 7.049727941956741e+00
50.5 2.438040807978198e-03 6.999864418640907e+00
50.6 2.438509457855384e-03 6.946363072534217e+00
50.7 2.439443017668687e-03 6.888566470219171e+00
50.8 2.445014852595487e-03 6.939723816542419e+00
50.9 2.459932562840330e-03 7.325891241722395e+00
51 2.461182142266196e-03 7.268683069384332e+00
51.1 2.461720710138737e-03 7.214080990765710e+00
51.2 2.462068641534441e-03 7.163745044228280e+00
51.3 2.462347685801130e-03 7.115705891959747e+00
51.4 2.462612544496804e-03 7.068248292861857e+00
51.5 2.462907382992973e-03 7.019765720735301e+00
51.6 2.463298917988866e-03 6.968489302510541e+00
51.7 2.463963863761046e-03 6.912714276041967e+00
51.8 2.465922796124917e-03 6.864922132811264e+00
51.9 2.483298478957683e-03 7.333224941655555e+00
52 2.485793523745689e-03 7.294270958719586e+00
52.1 2.486513873617101e-03 7.238073840097877e+00
52.2 2.486921524244610e-03 7.186608970386127e+00
52.3 2.487221542949395e-03 7.138248083681514e+00
52.4 2.487485798575645e-03 7.091208228435201e+00
52.5 2.487758214753607e-03 7.043921580019342e+00
52.6 2.488088148590375e-03 6.994782531888645e+00
52.7 2.488574688204330e-03 6.941986171790146e+00
52.8 2.489571105541022e-03 6.885587811856923e+00
52.9 2.496340478631139e-03 6.981816260294089e+00
53 2.509981672640920e-03 7.324366655131247e+00
53.1 2.511182036504382e-03 7.268427148208203e+00
53.2 2.511713099867205e-03 7.215016239776936e+00
53.3 2.512058357492217e-03 7.165669576627058e+00
53.4 2.512334981159406e-03 7.118563789748693e+00
53.5 2.512595784232288e-03 7.072089226470097e+00
53.6 2.512882344398318e-03 7.024746090131787e+00
53.7 2.513254429199175e-03 6.974904526595385e+00
53.8 2.513859304467240e-03 6.920914380290819e+00
53.9 2.515408928028733e-03 6.869110597712469e+00
54 2.531736786088108e-03 7.309201756623118e+00
54.1 2.535559503631761e-03 7.305359418020661e+00
54.2 2.536396301672051e-03 7.249727754931969e+00
54.3 2.536839174762573e-03 7.198435018811881e+00
54.4 2.537151808060477e-03 7.150515557688580e+00
54.5 2.537416947141980e-03 7.104250599460198e+00
54.6 2.537679231218618e-03 7.058143254295089e+00
54.7 2.537981179160839e-03 7.010726938563703e+00
54.8 2.538394862591242e-03 6.960367156077639e+00
54.9 2.539126092777606e-03 6.905851969206712e+00
55 2.541533577423559e-03 6.869462337653291e+00
55.1 2.558712347743210e-03 7.334829820269656e+00
55.2 2.560831259936692e-03 7.291638591923016e+00
55.3 2.561517514115682e-03 7.237469124645914e+00
55.4 2.561915701525220e-03 7.187637127406786e+00
55.5 2.562210946137870e-03 7.140701792797895e+00
55.6 2.562470435135322e-03 7.095053952333297e+00
55.7 2.562735086670629e-03 7.049270841442638e+00
55.8 2.563048947168601e-03 7.001913044695883e+00
55.9 2.563494230392122e-03 6.951375477693231e+00
56 2.564328699945968e-03 6.897033332577152e+00
56.1 2.567752191928642e-03 6.886805634057726e+00
56.2 2.584298539288231e-03 7.333515405224053e+00
56.3 2.585954457867540e-03 7.284080336579237e+00
56.4 2.586575994677514e-03 7.231065396450585e+00
56.5 2.586953157495481e-03 7.182190688614072e+00
56.6 2.587239892338685e-03 7.135946309614413e+00
56.7 2.587496407369428e-03 7.090803563082188e+00
56.8 2.587761766046675e-03 7.045393924024681e+00
56.9 2.588080455563435e-03 6.998313247102594e+00
57 2.588538710160040e-03 6.948007485089336e+00
57.1 2.589415985413563e-03 6.894215656378123e+00
57.2 2.593335255529543e-03 6.899435543550085e+00
57.3 2.609419151480911e-03 7.332315996451093e+00
57.4 2.610976875571994e-03 7.282476589480783e+00
57.5 2.611583687333964e-03 7.230145058841133e+00
57.6 2.611956040991848e-03 7.181824948998855e+00
57.7 2.612240474885455e-03 7.136053928776811e+00
57.8 2.612495296132134e-03 7.091356135356992e+00
57.9 2.612758566669007e-03 7.046406688866094e+00
58 2.613073410356599e-03 6.999848533218335e+00
58.1 2.613522158975355e-03 6.950184031030004e+00
58.2 2.614363764181619e-03 6.897041825768997e+00
58.3 2.617763076535442e-03 6.888340944307622e+00
58.4 2.634196601989266e-03 7.333669243519840e+00
58.5 2.635908202701536e-03 7.286602523786669e+00
58.6 2.636543115655669e-03 7.234509207009713e+00
58.7 2.636925366058825e-03 7.186378318266358e+00
58.8 2.637213278292871e-03 7.140880863789898e+00
58.9 2.637467644652685e-03 7.096570780630230e+00
59 2.637726301329205e-03 7.052157500479282e+00
59.1 2.638029494950937e-03 7.006340178306100e+00
59.2 2.638449219778345e-03 6.957682793061552e+00
59.3 2.639193350689051e-03 6.905398713775154e+00
59.4 2.641599883102898e-03 6.872846884725827e+00
59.5 2.658451252937515e-03 7.332812312446078e+00
59.6 2.660731027192868e-03 7.296289089733468e+00
59.7 2.661449060051050e-03 7.244105678734577e+00
59.8 2.661859109677612e-03 7.195783062078673e+00
59.9 2.662157763926133e-03 7.150328714038679e+00
60 2.662414067152995e-03 7.106310270449655e+00
