0.1 5.279626828003255e-05 6.109779098989513e+00
0.2 7.026395042260237e-05 5.968991675855237e+00
0.3 8.280638773089521e-05 6.541475969187982e+00
0.4 9.832957226854981e-05 6.323918495558758e+00
0.5 1.070387869047359e-04 6.587871552437266e+00
0.6 1.107112265370663e-04 6.503833776158428e+00
0.7 1.286616587501570e-04 6.559526786171185e+00
0.8 1.326372639754570e-04 6.623106367096684e+00
0.9 1.352911894882823e-04 6.557584627089824e+00
1 1.511204987293613e-04 6.502588426790174e+00
1.1 1.565475335764737e-04 6.643847031866942e+00
1.2 1.587571999803698e-04 6.634219386653218e+00
1.3 1.611977583339909e-04 6.508477623682282e+00
1.4 1.771810607843903e-04 6.558992586995639e+00
1.5 1.815176823937993e-04 6.661771508703274e+00
1.6 1.834646525646144e-04 6.656261638536838e+00
1.7 1.852010611227513e-04 6.596059947819944e+00
1.8 1.944785966136843e-04 6.291388778212724e+00
1.9 2.046495414114454e-04 6.643662073474990e+00
2 2.072225022161390e-04 6.678502509634310e+00
2.1 2.087827264029354e-04 6.662382120756314e+00
2.2 2.102751343649145e-04 6.601950351380671e+00
2.3 2.165845540044284e-04 6.243272154582652e+00
2.4 2.287229029621558e-04 6.629667536163846e+00
2.5 2.316526052670171e-04 6.686083953086623e+00
2.6 2.332209608447255e-04 6.682343161342758e+00
2.7 2.344789964345394e-04 6.649882641811887e+00
2.8 2.359500973319405e-04 6.559211387428929e+00
2.9 2.461927434217825e-04 6.381843021679666e+00
3 2.543238877135870e-04 6.652905110377733e+00
3.1 2.567781147048048e-04 6.694447523605120e+00
3.2 2.581942793632072e-04 6.690230588800111e+00
3.3 2.593232440775318e-04 6.662671417649118e+00
3.4 2.605160105633531e-04 6.598830057375856e+00
3.5 2.638550156541066e-04 6.305770021203347e+00
3.6 2.769960057514830e-04 6.591034232364741e+00
3.7 2.806995805275554e-04 6.687580205544421e+00
3.8 2.824024598230092e-04 6.701886851439267e+00
3.9 2.835637593672156e-04 6.689858819904443e+00
4 2.845642431959865e-04 6.658321334876383e+00
4.1 2.856677377655304e-04 6.591200618335703e+00
4.2 2.890659730182242e-04 6.315398513919451e+00
4.3 3.012923239443875e-04 6.573423255640849e+00
4.4 3.053084844632536e-04 6.684673303685559e+00
4.5 3.070875070762384e-04 6.706147800997885e+00
4.6 3.082490280921258e-04 6.699979565731782e+00
4.7 3.091905540549270e-04 6.677212433593104e+00
4.8 3.101102758996155e-04 6.633537825826274e+00
4.9 3.113187676800138e-04 6.534422271863098e+00
5 3.193590989813738e-04 6.371331881643553e+00
5.1 3.277202307374872e-04 6.621554103355870e+00
5.2 3.307218300566846e-04 6.695381643711219e+00
5.3 3.322579856940350e-04 6.709989066137502e+00
5.4 3.333130411395232e-04 6.702646951956114e+00
5.5 3.341809299019900e-04 6.680984817120741e+00
5.6 3.350176393783569e-04 6.641866361068128e+00
5.7 3.360345708898140e-04 6.563657962866253e+00
5.8 3.407094392643031e-04 6.331688396271039e+00
5.9 3.504855985844786e-04 6.557256876042557e+00
6 3.547278852994737e-04 6.677942636103428e+00
6.1 3.566064980489724e-04 6.709393975678032e+00
6.2 3.577807913594966e-04 6.711405064520456e+00
6.3 3.586721790348894e-04 6.698542356315453e+00
6.4 3.594518058443046e-04 6.673115360081995e+00
6.5 3.602401665557862e-04 6.629661691446120e+00
6.6 3.612657565337780e-04 6.542352995116763e+00
6.7 3.667331116468345e-04 6.354694497006319e+00
6.8 3.754000990822291e-04 6.558994261672482e+00
6.9 3.795481798072044e-04 6.675703339734461e+00
7 3.814362307566294e-04 6.709746093985382e+00
7.1 3.826104462545674e-04 6.714497926888346e+00
7.2 3.834874202940988e-04 6.704751200829343e+00
7.3 3.842333209481442e-04 6.683936118668182e+00
7.4 3.849495561868257e-04 6.649676025471184e+00
7.5 3.857626182481305e-04 6.590107900760920e+00
7.6 3.873270229370531e-04 6.443612584136441e+00
7.7 3.955979215507874e-04 6.435168175404376e+00
7.8 4.022333091004634e-04 6.615432997406551e+00
7.9 4.051916314697895e-04 6.691398854079364e+00
8 4.067495902550577e-04 6.714209253130917e+00
8.1 4.077878493820832e-04 6.715356347932355e+00
8.2 4.085908523353091e-04 6.704429387619255e+00
8.3 4.092857253405502e-04 6.683582332474575e+00
8.4 4.099559944574497e-04 6.650503992254230e+00
8.5 4.107074198653969e-04 6.595364919936374e+00
8.6 4.119857985070001e-04 6.474680314326328e+00
8.7 4.188175909135285e-04 6.412267817984352e+00
8.8 4.257307759127722e-04 6.576061862662332e+00
8.9 4.294097978427694e-04 6.675285951041918e+00
9 4.312297913202655e-04 6.710040387814933e+00
9.1 4.323774196562187e-04 6.717978429644663e+00
9.2 4.332247749823572e-04 6.712346204243497e+00
9.3 4.339244683789038e-04 6.697294819579575e+00
9.4 4.345601582315293e-04 6.672874995109975e+00
9.5 4.352021314734767e-04 6.635262052300329e+00
9.6 4.359737481108054e-04 6.571500560729175e+00
9.7 4.377761059176580e-04 6.422184642609642e+00
9.8 4.448605243959723e-04 6.442208057969527e+00
9.9 4.510681356236419e-04 6.588597312500352e+00
10 4.544402008681115e-04 6.677109236391414e+00
10.1 4.561894027818379e-04 6.710431100595747e+00
10.2 4.573095995997056e-04 6.718960701195593e+00
10.3 4.581383671118370e-04 6.714579129912097e+00
10.4 4.588185304241353e-04 6.701362471541816e+00
10.5 4.594275520852564e-04 6.679832406284179e+00
10.6 4.600249844733209e-04 6.647583250290704e+00
10.7 4.606938563234261e-04 6.596735803795669e+00
10.8 4.617441230244696e-04 6.498549428780003e+00
10.9 4.665692151752586e-04 6.397441917338401e+00
11 4.728976677148235e-04 6.512821713598139e+00
11.1 4.777390826748410e-04 6.635460117727872e+00
11.2 4.801761116497289e-04 6.694019995611144e+00
11.3 4.815918687477894e-04 6.715752643837197e+00
11.4 4.825624212263354e-04 6.719569450029054e+00
11.5 4.833101866939859e-04 6.713007420739558e+00
11.6 4.839397447577512e-04 6.698667215004567e+00
11.7 4.845130123083210e-04 6.676540398875266e+00
11.8 4.850818618310511e-04 6.644109321220548e+00
11.9 4.857241363192057e-04 6.593872356254336e+00
12 4.867346322856238e-04 6.500062764351894e+00
12.1 4.910042049323115e-04 6.398903929098518e+00
12.2 4.969376431584585e-04 6.500707383784483e+00
12.3 5.019151487086980e-04 6.616341367604615e+00
12.4 5.046560044736508e-04 6.683784762563489e+00
12.5 5.062176376285493e-04 6.712071054274031e+00
12.6 5.072592436088911e-04 6.720241265938856e+00
12.7 5.080410488976714e-04 6.717144735839508e+00
12.8 5.086820122443060e-04 6.706270193112553e+00
12.9 5.092477789795596e-04 6.688471801783642e+00
13 5.097850620405855e-04 6.662675851157319e+00
13.1 5.103445440796893e-04 6.625111973214456e+00
13.2 5.110326844061450e-04 6.565184682913616e+00
13.3 5.125077643525239e-04 6.446415892936585e+00
13.4 5.176146338549394e-04 6.430177189285201e+00
13.5 5.229729037685805e-04 6.529345445821438e+00
13.6 5.273760675409327e-04 6.630178407600845e+00
13.7 5.298217828930652e-04 6.688074552767643e+00
13.8 5.312778682672780e-04 6.713269014919518e+00
13.9 5.322715615773221e-04 6.720690300295292e+00
14 5.330254976832415e-04 6.717755244388046e+00
14.1 5.336458067518108e-04 6.707553926412558e+00
14.2 5.341922194872366e-04 6.690939771757349e+00
14.3 5.347068212061184e-04 6.667147259173944e+00
14.4 5.352324621912680e-04 6.633324246284393e+00
14.5 5.358467163546058e-04 6.581961401521313e+00
14.6 5.368796972311863e-04 6.489495165403834e+00
14.7 5.406466711781620e-04 6.408825373330707e+00
14.8 5.458069662885145e-04 6.496981550966115e+00
14.9 5.505290982322795e-04 6.590951700673333e+00
15 5.536987115996799e-04 6.663728448178919e+00
15.1 5.555275370195337e-04 6.702296199341693e+00
15.2 5.567099845664146e-04 6.718093735333700e+00
15.3 5.575650349123765e-04 6.720904954261332e+00
15.4 5.582394860542851e-04 6.715447652520769e+00
15.5 5.588097441832738e-04 6.703657838810580e+00
15.6 5.593225096885900e-04 6.685854972423774e+00
15.7 5.598138893291622e-04 6.660977739430716e+00
15.8 5.603250008331625e-04 6.625937621206271e+00
15.9 5.609390135812061e-04 6.572881212351886e+00
16 5.620424627555833e-04 6.478529155555629e+00
16.1 5.657389440937259e-04 6.415560029993213e+00
16.2 5.705556054711686e-04 6.500574194817850e+00
16.3 5.750422566929779e-04 6.586237502347466e+00
16.4 5.782963254847247e-04 6.655776336321074e+00
16.5 5.802248884649567e-04 6.697250979645895e+00
16.6 5.814684019759974e-04 6.716045726174354e+00
16.7 5.823577209475310e-04 6.721295387885307e+00
16.8 5.830499926968026e-04 6.717999205110980e+00
16.9 5.836266756187251e-04 6.708426885701959e+00
17 5.841359988375624e-04 6.693277041213729e+00
17.1 5.846123316360078e-04 6.672075480187058e+00
17.2 5.850887222634557e-04 6.642949420660104e+00
17.3 5.856157553761849e-04 6.601363684069955e+00
17.4 5.863390794062014e-04 6.535461833559157e+00
17.5 5.882146391774310e-04 6.427670217426781e+00
17.6 5.924666648100698e-04 6.447980318784392e+00
17.7 5.969138465218054e-04 6.533060423519276e+00
17.8 6.009753812335095e-04 6.608616130820532e+00
17.9 6.037385476932366e-04 6.667119466065824e+00
18 6.054480187376621e-04 6.701722355353169e+00
18.1 6.065903321430774e-04 6.717440078706829e+00
18.2 6.074262308806904e-04 6.721417181826764e+00
18.3 6.080860443027098e-04 6.717693005165587e+00
18.4 6.086401245773172e-04 6.708158099618529e+00
18.5 6.091313392174613e-04 6.693397606652748e+00
18.6 6.095907315086641e-04 6.672990136715510e+00
18.7 6.100480037965013e-04 6.645323512028822e+00
18.8 6.105467816760663e-04 6.606620782189502e+00
18.9 6.112002580134756e-04 6.547604434492190e+00
19 6.126300831927938e-04 6.449494091126416e+00
19.1 6.162832855712305e-04 6.433136370163378e+00
19.2 6.205236196377297e-04 6.515016641360224e+00
19.3 6.245213923780485e-04 6.587270256195446e+00
19.4 6.277148434672415e-04 6.646813998996629e+00
19.5 6.297388123288648e-04 6.689036490813203e+00
19.6 6.310662968214592e-04 6.711601483250603e+00
19.7 6.320087707551543e-04 6.720529050776134e+00
19.8 6.327310951104235e-04 6.720619245505812e+00
19.9 6.333210208945789e-04 6.714453228878392e+00
20 6.338294829485801e-04 6.703170078002628e+00
20.1 6.342900025775839e-04 6.686938888382159e+00
20.2 6.347292766906233e-04 6.665050843186562e+00
20.3 6.351762421280437e-04 6.635595619560855e+00
20.4 6.356797857899305e-04 6.594292791021948e+00
20.5 6.363851699605713e-04 6.530787438733377e+00
20.6 6.380914635744174e-04 6.436309798159809e+00
20.7 6.416928037528529e-04 6.444617309967181e+00
20.8 6.456943491824501e-04 6.525278301812321e+00
20.9 6.494736631662409e-04 6.592737110259479e+00
21 6.525481840735287e-04 6.645918212525084e+00
21.1 6.545657962430982e-04 6.686428151355625e+00
21.2 6.559113143926863e-04 6.709691750500944e+00
21.3 6.568694755357705e-04 6.719803190419484e+00
21.4 6.576017745093113e-04 6.721130373804400e+00
21.5 6.581964930621819e-04 6.716243699269689e+00
21.6 6.587051080265331e-04 6.706385295738178e+00
21.7 6.591609714795414e-04 6.691899337287586e+00
21.8 6.595893846633261e-04 6.672375410243981e+00
21.9 6.600150952054324e-04 6.646488559287373e+00
22 6.604734979395243e-04 6.611327149937475e+00
22.1 6.610467038995251e-04 6.560364592488636e+00
22.2 6.620804682707604e-04 6.479916090845030e+00
22.3 6.647491060993206e-04 6.425396931735635e+00
22.4 6.684427020947581e-04 6.484263328678153e+00
22.5 6.721834023942655e-04 6.560077793662566e+00
22.6 6.756437651192042e-04 6.617399885381525e+00
22.7 6.782121792954956e-04 6.661125298604057e+00
22.8 6.799477098497526e-04 6.694351545095430e+00
22.9 6.811443288110081e-04 6.712996688078889e+00
23 6.820208537601105e-04 6.720623467139691e+00
23.1 6.827044779134382e-04 6.720641502939862e+00
23.2 6.832675540408481e-04 6.715075859864428e+00
23.3 6.837538475065210e-04 6.704903078515088e+00
23.4 6.841926454881503e-04 6.690351731128150e+00
23.5 6.846068276126644e-04 6.670988975550149e+00
23.6 6.850193132319912e-04 6.645559360575930e+00
23.7 6.854631427772000e-04 6.611390674148969e+00
23.8 6.860132164359488e-04 6.562704438444290e+00
23.9 6.869602399414057e-04 6.487948289402134e+00
24 6.893043718460101e-04 6.427752587022267e+00
24.1 6.927217932075612e-04 6.473773438690694e+00
24.2 6.963164301496926e-04 6.550650326786796e+00
24.3 6.997038372930159e-04 6.609594809228561e+00
24.4 7.024523004600083e-04 6.649852821801357e+00
24.5 7.043701123991521e-04 6.684659087835135e+00
24.6 7.057019221114508e-04 6.707249253449289e+00
24.7 7.066656244647269e-04 6.718424807277882e+00
24.8 7.074042558722678e-04 6.721339865035678e+00
24.9 7.080016801330034e-04 6.718281633224427e+00
25 7.085081697413142e-04 6.710521790142644e+00
25.1 7.089561496206188e-04 6.698583536387523e+00
25.2 7.093690593284284e-04 6.682395727832994e+00
25.3 7.097672099056037e-04 6.661272720562500e+00
25.4 7.101739544242149e-04 6.633652584015398e+00
25.5 7.106285753088219e-04 6.596337606100886e+00
25.6 7.112344813968954e-04 6.542547757256310e+00
25.7 7.124227189377531e-04 6.464585869039007e+00
25.8 7.150084136679002e-04 6.433700246830612e+00
25.9 7.183241602645236e-04 6.491361954889099e+00
26 7.217394711737726e-04 6.565239631970456e+00
26.1 7.249502161743522e-04 6.620022772552383e+00
26.2 7.275076978606278e-04 6.653859325861756e+00
26.3 7.293449781191085e-04 6.685360535677030e+00
26.4 7.306479373316212e-04 6.706830227309826e+00
26.5 7.316015757237446e-04 6.717953537282860e+00
26.6 7.323360487450304e-04 6.721247868133538e+00
26.7 7.329307161054426e-04 6.718772842609631e+00
26.8 7.334341173594467e-04 6.711747352340122e+00
26.9 7.338777684109114e-04 6.700723082898850e+00
27 7.342842567346965e-04 6.685719509963318e+00
27.1 7.346725238062181e-04 6.666229116328059e+00
27.2 7.350629110545666e-04 6.641043519740332e+00
27.3 7.354861668373611e-04 6.607742921462405e+00
27.4 7.360118328103811e-04 6.561414620667174e+00
27.5 7.368845950890989e-04 6.493667291395116e+00
27.6 7.388498822242648e-04 6.434644329159386e+00
27.7 7.418025766513343e-04 6.463197443991642e+00
27.8 7.450739322928882e-04 6.535866924859993e+00
27.9 7.482569798896082e-04 6.599170910620071e+00
28 7.511175465838905e-04 6.639140430579113e+00
28.1 7.532638899307205e-04 6.668649731999998e+00
28.2 7.548301525408138e-04 6.694681173410985e+00
28.3 7.559678843281517e-04 6.711465729947873e+00
28.4 7.568231065509308e-04 6.719541017157992e+00
28.5 7.574966129514165e-04 6.720962237176094e+00
28.6 7.580513670090920e-04 6.717318003095667e+00
28.7 7.585272048094090e-04 6.709533548188713e+00
28.8 7.589509116911307e-04 6.697993258889161e+00
28.9 7.593424108270124e-04 6.682623698437766e+00
29 7.597191287127942e-04 6.662869941088577e+00
29.1 7.601006413385149e-04 6.637512556504984e+00
29.2 7.605176378227440e-04 6.604176607670992e+00
29.3 7.610405657970058e-04 6.558188596391421e+00
29.4 7.619098886261893e-04 6.492541877522315e+00
29.5 7.637808357104413e-04 6.437405175047187e+00
29.6 7.665545925815400e-04 6.461948733292136e+00
29.7 7.696699813215643e-04 6.531426010901207e+00
29.8 7.727535924490048e-04 6.596792592439451e+00
29.9 7.755870787964972e-04 6.639048222634181e+00
30 7.777768838585620e-04 6.664092435059411e+00
30.1 7.794218439947688e-04 6.689158892851332e+00
30.2 7.806352117450907e-04 6.707503707677592e+00
30.3 7.815466926326627e-04 6.717630505381681e+00
30.4 7.822589226010908e-04 6.720978247280653e+00
30.5 7.828395070345808e-04 6.719097048947374e+00
30.6 7.833317679529349e-04 6.713018818562867e+00
30.7 7.837645195671278e-04 6.703272441601257e+00
30.8 7.841584397234128e-04 6.689964456447623e+00
30.9 7.845303214350659e-04 6.672796717292418e+00
31 7.848967661652286e-04 6.650978981754434e+00
31.1 7.852795241383692e-04 6.622962139604797e+00
31.2 7.857186253929149e-04 6.585804710872943e+00
31.3 7.863205204195789e-04 6.534066427755519e+00
31.4 7.874531013411472e-04 6.466780630115750e+00
31.5 7.896072779375344e-04 6.439449822900007e+00
31.6 7.923885479779431e-04 6.482368718726752e+00
31.7 7.954001584151664e-04 6.553147401796373e+00
31.8 7.983264981679270e-04 6.613158988375860e+00
31.9 8.009551731601796e-04 6.648144633838152e+00
32 8.029715922009562e-04 6.669751746014679e+00
32.1 8.045138776031794e-04 6.691891398866145e+00
32.2 8.056717630471640e-04 6.708458949274504e+00
32.3 8.065534373691837e-04 6.717766312065760e+00
32.4 8.072484857474665e-04 6.720852299876199e+00
32.5 8.078180347863591e-04 6.719022060988174e+00
32.6 8.083022232476469e-04 6.713193290622563e+00
32.7 8.087281658714644e-04 6.703856954936459e+00
32.8 8.091154570748455e-04 6.691131074438033e+00
32.9 8.094799387425645e-04 6.674775116271933e+00
33 8.098369303168577e-04 6.654122747541361e+00
33.1 8.102056216590302e-04 6.627876359503245e+00
33.2 8.106189800534311e-04 6.593632054702467e+00
33.3 8.111565327692067e-04 6.547017513986132e+00
33.4 8.120743283326708e-04 6.484467090159584e+00
33.5 8.138699774723481e-04 6.441155662911772e+00
33.6 8.163810345662324e-04 6.464945392518008e+00
33.7 8.192250720159804e-04 6.529281650968178e+00
33.8 8.221064373321039e-04 6.595891228487217e+00
33.9 8.248146401242267e-04 6.643209958251752e+00
34 8.270099061687588e-04 6.662697705873434e+00
34.1 8.287178088850240e-04 6.682202039393895e+00
34.2 8.300342445395983e-04 6.700561224687933e+00
34.3 8.310391595048931e-04 6.713188866583345e+00
34.4 8.318217279502255e-04 6.719525305464503e+00
34.5 8.324518417066705e-04 6.720560903298249e+00
34.6 8.329774421523208e-04 6.717311545750294e+00
34.7 8.334308369453307e-04 6.710457104384032e+00
34.8 8.338345819957472e-04 6.700327700211151e+00
34.9 8.342056220893186e-04 6.686933889861200e+00
35 8.345583324628865e-04 6.669957753622350e+00
35.1 8.349074627498061e-04 6.648668015752708e+00
35.2 8.352726878553269e-04 6.621701343414039e+00
35.3 8.356896243769153e-04 6.586592523885179e+00
35.4 8.362467638222753e-04 6.539130138181446e+00
35.5 8.372160109890560e-04 6.478370041716664e+00
35.6 8.390086159555991e-04 6.442751182520594e+00
35.7 8.414262739907056e-04 6.468653924765698e+00
35.8 8.441575846699918e-04 6.531431475147941e+00
35.9 8.469406569002443e-04 6.597615611801368e+00
36 8.495667141352348e-04 6.645677165510529e+00
36.1 8.517403275857750e-04 6.665008631901983e+00
36.2 8.534398468660831e-04 6.681169489946678e+00
36.3 8.547789076270271e-04 6.698186079127645e+00
36.4 8.558158752132502e-04 6.711154325741077e+00
36.5 8.566267216284321e-04 6.718461535173831e+00
36.6 8.572783746122967e-04 6.720614948947127e+00
36.7 8.578193103694383e-04 6.718501626949163e+00
36.8 8.582829054620871e-04 6.712808091452164e+00
36.9 8.586924997815619e-04 6.703923170501816e+00
37 8.590653359247941e-04 6.691949322738710e+00
37.1 8.594154422828971e-04 6.676704626994066e+00
37.2 8.597561455264020e-04 6.657674708319981e+00
37.3 8.601033021820237e-04 6.633876222253951e+00
37.4 8.604818170483078e-04 6.603559382820961e+00
37.5 8.609442527851130e-04 6.563682635112830e+00
37.6 8.616361165849556e-04 6.510487063222820e+00
37.7 8.629193412484202e-04 6.456391046984340e+00
37.8 8.649377722774440e-04 6.448928096168818e+00
37.9 8.674015917302478e-04 6.492157304965833e+00
38 8.700805193573228e-04 6.558304107850798e+00
38.1 8.727371972963094e-04 6.619377177286816e+00
38.2 8.752040961664150e-04 6.659736517596707e+00
38.3 8.771423881388811e-04 6.672627440854313e+00
38.4 8.786999539249295e-04 6.686669760001163e+00
38.5 8.799420770704085e-04 6.701472467660692e+00
38.6 8.809171138566675e-04 6.712706559949772e+00
38.7 8.816892516404255e-04 6.718921194492100e+00
38.8 8.823160259690392e-04 6.720465417893488e+00
38.9 8.828401191947080e-04 6.718059699756434e+00
39 8.832915744318012e-04 6.712283434915248e+00
39.1 8.836917847708651e-04 6.703469157194932e+00
39.2 8.840567766182915e-04 6.691699472604633e+00
39.3 8.843997059473133e-04 6.676802597117820e+00
39.4 8.847330858014060e-04 6.658308156837898e+00
39.5 8.850716460166369e-04 6.635330077956255e+00
39.6 8.854379301904908e-04 6.606320149854309e+00
39.7 8.858774826752387e-04 6.568649146256675e+00
39.8 8.865090014453737e-04 6.518954142634410e+00
39.9 8.876316825484325e-04 6.464920844889454e+00
40 8.894466789636824e-04 6.447435406102623e+00
40.1 8.917307632907747e-04 6.480155656542627e+00
40.2 8.942778609440650e-04 6.541552673858419e+00
40.3 8.968777351424700e-04 6.605822057296523e+00
40.4 8.993443236559843e-04 6.654078823456299e+00
40.5 9.014198677008849e-04 6.673031882429818e+00
40.6 9.030515680543491e-04 6.683424835674898e+00
40.7 9.043825856011592e-04 6.696344876012937e+00
40.8 9.054480659651973e-04 6.708363337965890e+00
40.9 9.062953822041641e-04 6.716480574714727e+00
41 9.069790426401947e-04 6.720115918240372e+00
41.1 9.075445776488145e-04 6.719710735666407e+00
41.2 9.080255323366878e-04 6.715837778775059e+00
41.3 9.084459645919814e-04 6.708914432093827e+00
41.4 9.088235315888133e-04 6.699144751526580e+00
41.5 9.091719977720324e-04 6.686513018013859e+00
41.6 9.095032725228340e-04 6.670765821312643e+00
41.7 9.098294786961394e-04 6.651353120012778e+00
41.8 9.101660285262210e-04 6.627295432433731e+00
41.9 9.105382582858710e-04 6.596927765104255e+00
42 9.110001425369106e-04 6.557574736670576e+00
42.1 9.116926674225909e-04 6.507008623657580e+00
42.2 9.129098265426024e-04 6.459041063897855e+00
42.3 9.147399350378708e-04 6.451324990475845e+00
42.4 9.169767095206880e-04 6.488039054585079e+00
42.5 9.194485474541727e-04 6.549303568690478e+00
42.6 9.219640713540918e-04 6.612273516851442e+00
42.7 9.243521093631045e-04 6.659854352221257e+00
42.8 9.263586759493348e-04 6.677990900228085e+00
42.9 9.279399107608273e-04 6.686149615710307e+00
43 9.292460481561679e-04 6.696837308785240e+00
43.1 9.303085337057268e-04 6.707790685895490e+00
43.2 9.311628783777744e-04 6.715792728584054e+00
43.3 9.318557506388605e-04 6.719791056856036e+00
43.4 9.324295098189464e-04 6.719957230120055e+00
43.5 9.329167591491485e-04 6.716757400149910e+00
43.6 9.333413837560693e-04 6.710585443399930e+00
43.7 9.337210260465991e-04 6.701663872387661e+00
43.8 9.340693342201670e-04 6.690023950741145e+00
43.9 9.343978170619560e-04 6.675490720567478e+00
44 9.347176193787064e-04 6.657641505513800e+00
44.1 9.350418802607905e-04 6.635712174073991e+00
44.2 9.353902502504602e-04 6.608415446704445e+00
44.3 9.358003448917807e-04 6.573667046105394e+00
44.4 9.363618677576146e-04 6.528879806144181e+00
44.5 9.372907734522580e-04 6.478025305301136e+00
44.6 9.388012172825986e-04 6.450252723946036e+00
44.7 9.407807139885729e-04 6.466776733996008e+00
44.8 9.430655473192679e-04 6.516601065215588e+00
44.9 9.455013023053816e-04 6.580141832506132e+00
45 9.479079783901464e-04 6.637749660595933e+00
45.1 9.501470370912843e-04 6.676706799750508e+00
45.2 9.518956398083091e-04 6.685369188633246e+00
45.3 9.533286697375115e-04 6.692078822004262e+00
45.4 9.545242260614816e-04 6.701397810332308e+00
45.5 9.555048788170153e-04 6.710663581958515e+00
45.6 9.563020209164148e-04 6.717181306642613e+00
45.7 9.569557625801679e-04 6.720094446670944e+00
45.8 9.575024375333194e-04 6.719529532305747e+00
45.9 9.579704006835441e-04 6.715858341836013e+00
46 9.583808025353287e-04 6.709397344739942e+00
46.1 9.587495545553274e-04 6.700318184664241e+00
46.2 9.590891885359011e-04 6.688623873436329e+00
46.3 9.594104579482858e-04 6.674129998891718e+00
46.4 9.597239410889907e-04 6.656423333803454e+00
46.5 9.600422383833149e-04 6.634775128310029e+00
46.6 9.603841970019079e-04 6.607980838364663e+00
46.7 9.607853968127989e-04 6.574140028589366e+00
46.8 9.613280299846194e-04 6.531007348557842e+00
46.9 9.622025425259146e-04 6.482080285764820e+00
47 9.636078921481273e-04 6.452590789584367e+00
47.1 9.654659383079223e-04 6.463838005604125e+00
47.2 9.676333642454985e-04 6.508446502137992e+00
47.3 9.699777881722600e-04 6.569717588798571e+00
47.4 9.723362808401432e-04 6.629455705059078e+00
47.5 9.745688755561458e-04 6.674261290081785e+00
47.6 9.764033381723006e-04 6.688682489265160e+00
47.7 9.778645599686523e-04 6.693370536193630e+00
47.8 9.790946082849318e-04 6.700014774808388e+00
47.9 9.801232547763971e-04 6.708313509043652e+00
48 9.809700036170720e-04 6.715316518649727e+00
48.1 9.816665412420203e-04 6.719371094726220e+00
48.2 9.822470839982585e-04 6.720146822563917e+00
48.3 9.827406996707195e-04 6.717851264702949e+00
48.4 9.831698681647158e-04 6.712779134875417e+00
48.5 9.835516252576632e-04 6.705142339881558e+00
48.6 9.838991767642815e-04 6.695017338709363e+00
48.7 9.842233821552059e-04 6.682324296676867e+00
48.8 9.845341319525804e-04 6.666800866803483e+00
48.9 9.848419353631428e-04 6.647949610584124e+00
49 9.851604424211383e-04 6.624938152374385e+00
49.1 9.855117871641634e-04 6.596435027963542e+00
49.2 9.859403783263590e-04 6.560494575070114e+00
49.3 9.865496558234968e-04 6.515830635596569e+00
49.4 9.875408690666490e-04 6.471142924962129e+00
49.5 9.890259451091749e-04 6.453078077077987e+00
49.6 9.908966587930438e-04 6.472933224670978e+00
49.7 9.930375828520086e-04 6.521084394381428e+00
49.8 9.953256729747992e-04 6.582185123761882e+00
49.9 9.976095198258458e-04 6.639924712289907e+00
50 9.997649568577640e-04 6.682709411964955e+00
50.1 1.001496230258352e-03 6.694138826029926e+00
50.2 1.002891554110564e-03 6.697419868135618e+00
50.3 1.004075331620098e-03 6.702366649651229e+00
50.4 1.005076620976240e-03 6.709289129168504e+00
50.5 1.005910163819131e-03 6.715543017875352e+00
50.6 1.006601451408807e-03 6.719353438558412e+00
50.7 1.007180418196143e-03 6.720196125416097e+00
50.8 1.007673828808786e-03 6.718149746180226e+00
50.9 1.008103022741432e-03 6.713444766593760e+00
51 1.008484453102097e-03 6.706270776752631e+00
51.1 1.008830964865106e-03 6.696708821064753e+00
51.2 1.009153085283807e-03 6.684704958600232e+00
51.3 1.009460243050177e-03 6.670046232433097e+00
51.4 1.009762126202740e-03 6.652318553133705e+00
51.5 1.010070701201145e-03 6.630829150256627e+00
51.6 1.010404192859683e-03 6.604478737843125e+00
51.7 1.010796691763586e-03 6.571638059741368e+00
51.8 1.011323254519023e-03 6.530716264478241e+00
51.9 1.012142158772540e-03 6.485534970765380e+00
52 1.013410902945878e-03 6.456617496933699e+00
52.1 1.015084489377819e-03 6.462303880854139e+00
52.2 1.017056309374171e-03 6.499239698882498e+00
52.3 1.019227270923792e-03 6.555283974030088e+00
52.4 1.021468938642857e-03 6.615697622591204e+00
52.5 1.023643660893493e-03 6.666797103034892e+00
52.6 1.025591609377160e-03 6.695643820830488e+00
52.7 1.027095636423496e-03 6.700345223183177e+00
52.8 1.028352430398936e-03 6.702385156000517e+00
52.9 1.029430554313109e-03 6.706747788172090e+00
53 1.030346866674535e-03 6.712566518338691e+00
53.1 1.031114982847982e-03 6.717463253552919e+00
53.2 1.031758051163392e-03 6.720042834603809e+00
53.3 1.032302003870975e-03 6.719909840023706e+00
53.4 1.032769834390300e-03 6.717129004696879e+00
53.5 1.033180037917496e-03 6.711877552921001e+00
53.6 1.033547100157831e-03 6.704293523166671e+00
53.7 1.033882548916592e-03 6.694418218349313e+00
53.8 1.034196044560391e-03 6.682169860815575e+00
53.9 1.034496464084407e-03 6.667317803894792e+00
54 1.034793183989183e-03 6.649439862952392e+00
54.1 1.035098077597184e-03 6.627848033027037e+00
54.2 1.035429519255596e-03 6.601475000354910e+00
54.3 1.035821946939688e-03 6.568802998142592e+00
54.4 1.036349645361074e-03 6.528599005609714e+00
54.5 1.037160384333517e-03 6.485277549217874e+00
54.6 1.038389216984990e-03 6.457995813338570e+00
54.7 1.039996184912716e-03 6.462919953128483e+00
54.8 1.041890045260858e-03 6.497493149859700e+00
54.9 1.043984277995669e-03 6.551243378304382e+00
55 1.046164774443392e-03 6.611005180826902e+00
55.1 1.048301826117550e-03 6.663775067631141e+00
55.2 1.050271552232177e-03 6.698691569913092e+00
55.3 1.051791607835283e-03 6.704755398575477e+00
55.4 1.053050372736154e-03 6.705614616872770e+00
55.5 1.054133906903010e-03 6.707824176461992e+00
55.6 1.055067702249081e-03 6.712218726039986e+00
55.7 1.055860818880326e-03 6.716776606123558e+00
55.8 1.056529569506652e-03 6.719737162905305e+00
55.9 1.057096147379385e-03 6.720338366358620e+00
56 1.057582404619111e-03 6.718445181148434e+00
56.1 1.058006875503527e-03 6.714157481541900e+00
56.2 1.058384418044909e-03 6.707602774754573e+00
56.3 1.058726886262093e-03 6.698848220633383e+00
56.4 1.059044045284570e-03 6.687863313658870e+00
56.5 1.059344511575075e-03 6.674495558263761e+00
56.6 1.059636786246870e-03 6.658439377144247e+00
56.7 1.059930672715915e-03 6.639184733613720e+00
56.8 1.060239786056885e-03 6.615935043519872e+00
56.9 1.060586979159912e-03 6.587512070571817e+00
57 1.061017459578667e-03 6.552487623048401e+00
57.1 1.061626728888905e-03 6.511081018372075e+00
57.2 1.062564620876175e-03 6.472759211101835e+00
57.3 1.063894116401559e-03 6.457224413455853e+00
57.4 1.065547800161335e-03 6.472486873466664e+00
57.5 1.067451150165046e-03 6.513033466277432e+00
57.6 1.069521405018575e-03 6.568621663450630e+00
57.7 1.071647234489803e-03 6.627011944872330e+00
57.8 1.073710329603325e-03 6.676750551817292e+00
57.9 1.075558522788703e-03 6.705466528746372e+00
58 1.076982398748333e-03 6.709744902415197e+00
58.1 1.078172797147937e-03 6.709551059594994e+00
58.2 1.079204746836026e-03 6.710683118781562e+00
58.3 1.080100995834936e-03 6.713982158503609e+00
58.4 1.080868855012402e-03 6.717680751210171e+00
58.5 1.081521470822454e-03 6.720104458629433e+00
58.6 1.082077817875963e-03 6.720441666759442e+00
58.7 1.082557381520523e-03 6.718481051827704e+00
58.8 1.082977178376986e-03 6.714264392282664e+00
58.9 1.083351127422640e-03 6.707885236872644e+00
59 1.083690480702763e-03 6.699396642404073e+00
59.1 1.084004570143347e-03 6.688769926491051e+00
59.2 1.084301624426615e-03 6.675869347826406e+00
59.3 1.084589679688234e-03 6.660423743480565e+00
59.4 1.084877806828371e-03 6.641982803556568e+00
59.5 1.085178206799414e-03 6.619849214424658e+00
59.6 1.085510552192764e-03 6.592998850128739e+00
59.7 1.085912076342802e-03 6.560151241078613e+00
59.8 1.086459418712311e-03 6.521003391930513e+00
59.9 1.087283083334681e-03 6.481810115600924e+00
60 1.088471797595893e-03 6.459686070075255e+00
