0.1 1.118502413185515e-04 6.673028897434930e+00
0.2 1.613682051477683e-04 6.929021994638674e+00
0.3 1.870960774694267e-04 6.793831122049956e+00
0.4 2.124040758177453e-04 6.749753681994291e+00
0.5 2.374623249652139e-04 6.769335400478645e+00
0.6 2.623146019310577e-04 6.837067820059874e+00
0.7 2.870583417590884e-04 6.934650560874429e+00
0.8 3.115823562255776e-04 7.064145328123251e+00
0.9 3.293788753508565e-04 7.140241266626406e+00
1 3.375236982383359e-04 6.847782074969166e+00
1.1 3.618790013263004e-04 7.033704562380537e+00
1.2 3.762801269621462e-04 7.030989585088317e+00
1.3 3.873702350925071e-04 6.918219192736149e+00
1.4 4.113159298544463e-04 7.153082871930477e+00
1.5 4.127501312838605e-04 6.841265348780551e+00
1.6 4.367611023567749e-04 7.091991158333686e+00
1.7 4.380766536779683e-04 6.796591380189547e+00
1.8 4.618910310561946e-04 7.073887975381984e+00
1.9 4.631905326547400e-04 6.791125578677816e+00
2 4.868709937202755e-04 7.086054087618848e+00
2.1 4.880289659086968e-04 6.823380367374380e+00
2.2 5.117041600601922e-04 7.125013740126374e+00
2.3 5.127550965921016e-04 6.880602873307899e+00
2.4 5.362601663140914e-04 7.193313312394483e+00
2.5 5.374735389197700e-04 6.952506801299011e+00
2.6 5.593097000338386e-04 7.296152129820651e+00
2.7 5.621699277765520e-04 7.037029816756483e+00
2.8 5.634395508316428e-04 6.795021200637139e+00
2.9 5.867035207893361e-04 7.141374818694166e+00
3 5.876302471003717e-04 6.929463951402182e+00
3.1 6.099378521894212e-04 7.289464041011309e+00
3.2 6.121566559950585e-04 7.051824168067212e+00
3.3 6.131842337593619e-04 6.838032423192486e+00
3.4 6.363778859390866e-04 7.196309203604553e+00
3.5 6.374088557432744e-04 6.994201066134183e+00
3.6 6.392449580891268e-04 6.756120849764438e+00
3.7 6.617439006609513e-04 7.146833814078008e+00
3.8 6.625749661055552e-04 6.959562702650524e+00
3.9 6.701541777209137e-04 6.837963219600162e+00
4 6.868807342371591e-04 7.125480988914373e+00
4.1 6.876576987150729e-04 6.946132210909584e+00
4.2 7.057295066003653e-04 7.260084382658199e+00
4.3 7.118976112737280e-04 7.125649660803381e+00
4.4 7.126489135520712e-04 6.952817980230356e+00
4.5 7.200939896562949e-04 6.843799688565958e+00
4.6 7.368117143395936e-04 7.144797389535352e+00
4.7 7.375590452419229e-04 6.977362739922071e+00
4.8 7.395216107816307e-04 6.764737521172900e+00
4.9 7.615926790175693e-04 7.182642591793030e+00
5 7.624082077334867e-04 7.016976278399945e+00
5.1 7.634649114294633e-04 6.835639038023682e+00
5.2 7.860919997687227e-04 7.241888974719363e+00
5.3 7.872007185061676e-04 7.070023615925530e+00
5.4 7.879362779683330e-04 6.910056066830036e+00
5.5 8.091882890737005e-04 7.319557004726100e+00
5.6 8.118948505693718e-04 7.137676435466637e+00
5.7 8.125703153753217e-04 6.986494225173746e+00
5.8 8.139912836723851e-04 6.801841515106416e+00
5.9 8.362877264257169e-04 7.226615914885501e+00
6 8.372323362685045e-04 7.068736733094159e+00
6.1 8.379313585812695e-04 6.918460186385927e+00
6.2 8.577413687612417e-04 7.315598894566127e+00
6.3 8.617683909829190e-04 7.164449132533334e+00
6.4 8.624503814911147e-04 7.020596401822443e+00
6.5 8.633515776961189e-04 6.863126025527700e+00
6.6 8.854619991877380e-04 7.290219920963978e+00
6.7 8.869860022358136e-04 7.126998094799964e+00
6.8 8.876029693151441e-04 6.989172559754047e+00
6.9 8.888276687299875e-04 6.823290851052001e+00
7 9.109825771496580e-04 7.258978458485784e+00
7.1 9.120907084518250e-04 7.107701563892601e+00
7.2 9.126912427248993e-04 6.973501289283124e+00
7.3 9.141936910102212e-04 6.804602612326439e+00
7.4 9.361226639218768e-04 7.248566652575596e+00
7.5 9.371192867125221e-04 7.103760391503221e+00
7.6 9.377076139777894e-04 6.973079138475731e+00
7.7 9.391676147330190e-04 6.809025405206965e+00
7.8 9.610465055508977e-04 7.256257612249343e+00
7.9 9.620813545746045e-04 7.113745956644889e+00
8 9.626540575185873e-04 6.986858526377891e+00
8.1 9.638069730220951e-04 6.834131729657093e+00
8.2 9.857116095675581e-04 7.280961545928566e+00
8.3 9.869742092852144e-04 7.136888974922947e+00
8.4 9.875432515450394e-04 7.013213160868201e+00
8.5 9.883886545792179e-04 6.874562332270866e+00
8.6 1.009713965630678e-03 7.319663848519717e+00
8.7 1.011775714211287e-03 7.173275539315403e+00
8.8 1.012386458266290e-03 7.050633011374501e+00
8.9 1.013027392350563e-03 6.924402453541251e+00
9 1.019919516950093e-03 6.872073323167838e+00
9.1 1.036406583390739e-03 7.224575307787198e+00
9.2 1.037179433561803e-03 7.098539099725043e+00
9.3 1.037722581793147e-03 6.980525586961782e+00
9.4 1.038880558018890e-03 6.837252041424544e+00
9.5 1.060514075458220e-03 7.294177753002480e+00
9.6 1.061882215768286e-03 7.158147198688246e+00
9.7 1.062441042664634e-03 7.042549712593380e+00
9.8 1.063083722286501e-03 6.921049594356955e+00
9.9 1.069889298643832e-03 6.875260674707130e+00
10 1.086339540065425e-03 7.233860002876524e+00
10.1 1.087129226746716e-03 7.112379768192639e+00
10.2 1.087646471478242e-03 7.000401138992210e+00
10.3 1.088520984857139e-03 6.871413538399033e+00
10.4 1.109427783127106e-03 7.326569119549979e+00
10.5 1.111662476191342e-03 7.195109289789113e+00
10.6 1.112280370932123e-03 7.081769424698141e+00
10.7 1.112809212825166e-03 6.970841595428304e+00
10.8 1.114045370480688e-03 6.834378947529064e+00
10.9 1.135419573850655e-03 7.300419559147063e+00
11 1.136816228953969e-03 7.172793507358589e+00
11.1 1.137368646211795e-03 7.064093102182981e+00
11.2 1.137917602866864e-03 6.953946892519260e+00
11.3 1.139533860556559e-03 6.814560270688666e+00
11.4 1.160706636167120e-03 7.286331497278995e+00
11.5 1.161875718518556e-03 7.163988508179846e+00
11.6 1.162402702666115e-03 7.058300742972883e+00
11.7 1.162954935492666e-03 6.949894813087516e+00
11.8 1.164662672184752e-03 6.812669437963911e+00
11.9 1.185704818093135e-03 7.286965420279278e+00
12 1.186862482528282e-03 7.167237952975167e+00
12.1 1.187385510605496e-03 7.063647630457522e+00
12.2 1.187916725290429e-03 6.958218557489877e+00
12.3 1.189332157002002e-03 6.826774979656427e+00
12.4 1.210432769352436e-03 7.301239754999767e+00
12.5 1.211777148660466e-03 7.181872351921538e+00
12.6 1.212319365654626e-03 7.079431168100007e+00
12.7 1.212815773693789e-03 6.977702387425109e+00
12.8 1.213844880915518e-03 6.855948573558642e+00
12.9 1.234619079809004e-03 7.325513648772923e+00
13 1.236600314217953e-03 7.207877335256438e+00
13.1 1.237204182110545e-03 7.105071667198764e+00
13.2 1.237671645666797e-03 7.006808941770748e+00
13.3 1.238406945627704e-03 6.896031411833646e+00
13.4 1.254999065825987e-03 7.257997004463053e+00
13.5 1.261266856437908e-03 7.246110731780874e+00
13.6 1.262030579536535e-03 7.140433031967248e+00
13.7 1.262497045419007e-03 7.044293946336547e+00
13.8 1.263050521151010e-03 6.942912130723064e+00
13.9 1.264834696614596e-03 6.816366602737900e+00
14 1.285532024744053e-03 7.297771356547325e+00
14.1 1.286763977363471e-03 7.186295767731669e+00
14.2 1.287289658127971e-03 7.089691435137977e+00
14.3 1.287752093230042e-03 6.994691903782376e+00
14.4 1.288552231579507e-03 6.885466041779818e+00
14.5 1.306901354746516e-03 7.309655653074951e+00
14.6 1.311288490088999e-03 7.245047031926328e+00
14.7 1.312022861817411e-03 7.143755406572277e+00
14.8 1.312477359019896e-03 7.051310606372723e+00
14.9 1.312995237516172e-03 6.954829052462706e+00
15 1.314341963477417e-03 6.836306272185233e+00
15.1 1.335010600651271e-03 7.317818721894323e+00
15.2 1.336610486334766e-03 7.209141620027298e+00
15.3 1.337181167811128e-03 7.114215553476638e+00
15.4 1.337618548833578e-03 7.023690668939707e+00
15.5 1.338220935706292e-03 6.924977261877175e+00
15.6 1.340881478938710e-03 6.810823051916415e+00
15.7 1.360683924923556e-03 7.290811567315517e+00
15.8 1.361774095342707e-03 7.186831112094997e+00
15.9 1.362277237056427e-03 7.095706643845751e+00
16 1.362715030675672e-03 7.006353423994087e+00
16.1 1.363397746471771e-03 6.906177346606484e+00
16.2 1.369640583985429e-03 6.887376040070571e+00
16.3 1.385930862685763e-03 7.275765131895651e+00
16.4 1.386848869238419e-03 7.175919049283395e+00
16.5 1.387323362313989e-03 7.087247104297897e+00
16.6 1.387761593346526e-03 6.999140972743755e+00
16.7 1.388481230266840e-03 6.899310027737341e+00
16.8 1.398166026263394e-03 7.014413590857865e+00
16.9 1.410977210928985e-03 7.272773434596600e+00
17 1.411857212344246e-03 7.175229957559422e+00
17.1 1.412323739891112e-03 7.088227764705874e+00
17.2 1.412755052211867e-03 7.001774590300905e+00
17.3 1.413446919165156e-03 6.904385248703478e+00
17.4 1.419595254806202e-03 6.888708404386273e+00
17.5 1.435860794069929e-03 7.281004264907634e+00
17.6 1.436803860926870e-03 7.184137558245135e+00
17.7 1.437280195545949e-03 7.098142797549874e+00
17.8 1.437698595050932e-03 7.013668950715338e+00
17.9 1.438313605451333e-03 6.920386605776940e+00
18 1.441051927660040e-03 6.817825531853105e+00
18.1 1.460524040894088e-03 7.299851566494437e+00
18.2 1.461680323564062e-03 7.202447838727532e+00
18.3 1.462192479504149e-03 7.116585669260205e+00
18.4 1.462599963029713e-03 7.034037980826564e+00
18.5 1.463124322506381e-03 6.945637319616585e+00
18.6 1.464548994509601e-03 6.838710597837757e+00
18.7 1.484682262387903e-03 7.326047358460386e+00
18.8 1.486456498584966e-03 7.230446567150548e+00
18.9 1.487055089828044e-03 7.143370976671404e+00
19 1.487466020066749e-03 7.062135158703618e+00
19.1 1.487914402282195e-03 6.978386257835170e+00
19.2 1.488767541476116e-03 6.881066042134968e+00
19.3 1.505665792893776e-03 7.280168971665585e+00
19.4 1.511042199147166e-03 7.268975492690506e+00
19.5 1.511849150082479e-03 7.178782438608179e+00
19.6 1.512296747524135e-03 7.097547484462416e+00
19.7 1.512699311047745e-03 7.017355850264464e+00
19.8 1.513273766769766e-03 6.929533584393865e+00
19.9 1.515226169462793e-03 6.826325435543040e+00
20 1.535076137713416e-03 7.316999599235430e+00
20.1 1.536519938502440e-03 7.223906982401484e+00
20.2 1.537078314160924e-03 7.140481184884399e+00
20.3 1.537476829558512e-03 7.062023730061569e+00
20.4 1.537914310382398e-03 6.981071291254352e+00
20.5 1.538718775347964e-03 6.887779733239997e+00
20.6 1.552309425578670e-03 7.170970653189443e+00
20.7 1.560880686383523e-03 7.280693175397351e+00
20.8 1.561766412386412e-03 7.192148884162787e+00
20.9 1.562228169094612e-03 7.112784491874188e+00
21 1.562615508146530e-03 7.035618559248938e+00
21.1 1.563109482534992e-03 6.953284789546360e+00
21.2 1.564278063831287e-03 6.855455738131647e+00
21.3 1.583624328553328e-03 7.332901562542228e+00
21.4 1.586217752018490e-03 7.255242124317198e+00
21.5 1.586906283780762e-03 7.171222136627217e+00
21.6 1.587325337086538e-03 7.094360444221445e+00
21.7 1.587715107374063e-03 7.017949378490864e+00
21.8 1.588266490443355e-03 6.934557943645073e+00
21.9 1.589909621168686e-03 6.836255152935693e+00
22 1.609616706756880e-03 7.327282848086055e+00
22.1 1.611373437938427e-03 7.240718094990580e+00
22.2 1.611979116673490e-03 7.159685716489230e+00
22.3 1.612378718386120e-03 7.084525890241998e+00
22.4 1.612771556604534e-03 7.008905318661737e+00
22.5 1.613357979718532e-03 6.925461959505062e+00
22.6 1.615366346655294e-03 6.830467153342996e+00
22.7 1.634881467923727e-03 7.322177113606370e+00
22.8 1.636421707601559e-03 7.235953266914145e+00
22.9 1.636999551422046e-03 7.156718153091779e+00
23 1.637391320750179e-03 7.082843912271111e+00
23.1 1.637781201057995e-03 7.008328171903640e+00
23.2 1.638363818418143e-03 6.926134219632242e+00
23.3 1.640303274314535e-03 6.832523480117842e+00
23.4 1.659771783204011e-03 7.324502898438206e+00
23.5 1.661382530333961e-03 7.240232639080700e+00
23.6 1.661972194441189e-03 7.161827665870470e+00
23.7 1.662364645715417e-03 7.088939487016059e+00
23.8 1.662744776874867e-03 7.015861535780580e+00
23.9 1.663286316855926e-03 6.936107975222988e+00
24 1.664804213342970e-03 6.842857314788561e+00
24.1 1.684203502302710e-03 7.331792310259403e+00
24.2 1.686248080507113e-03 7.253267085305664e+00
24.3 1.686895243961627e-03 7.174746786758250e+00
24.4 1.687299625002886e-03 7.102458862835189e+00
24.5 1.687667519400314e-03 7.030961087333552e+00
24.6 1.688148076797415e-03 6.954417243383777e+00
24.7 1.689222494781979e-03 6.864897786836142e+00
24.8 1.707279132005747e-03 7.317876949267252e+00
24.9 1.710974812343996e-03 7.275072567984292e+00
25 1.711758658412573e-03 7.195452464374045e+00
25.1 1.712195181451565e-03 7.123130579190619e+00
25.2 1.712555970763735e-03 7.053024694241330e+00
25.3 1.712975866666574e-03 6.979876055740390e+00
25.4 1.713726528249266e-03 6.896622954352299e+00
25.5 1.719309750859555e-03 6.894249454811755e+00
25.6 1.735420904646214e-03 7.305221386225187e+00
25.7 1.736535299469711e-03 7.224270996831849e+00
25.8 1.737044596941695e-03 7.150897126665022e+00
25.9 1.737413661776254e-03 7.081577475980076e+00
26 1.737787762639587e-03 7.011417425762145e+00
26.1 1.738331226720149e-03 6.934653346289192e+00
26.2 1.739832633663947e-03 6.846041018809366e+00
26.3 1.758913874378078e-03 7.332762625037690e+00
26.4 1.761151057240135e-03 7.261949380391878e+00
26.5 1.761827840681515e-03 7.186104767274004e+00
26.6 1.762236764102392e-03 7.116466585503328e+00
26.7 1.762589525650357e-03 7.048362237611184e+00
26.8 1.763010215076885e-03 6.976960241392731e+00
26.9 1.763770828720521e-03 6.895738846369531e+00
27 1.769263802478226e-03 6.894963360261109e+00
27.1 1.785343570126419e-03 7.308249987658184e+00
27.2 1.786490260354965e-03 7.229741530748860e+00
27.3 1.787007597326421e-03 7.158072150733022e+00
27.4 1.787374774236857e-03 7.090584829994810e+00
27.5 1.787733529811537e-03 7.022834726209076e+00
27.6 1.788220878408851e-03 6.949807787536352e+00
27.7 1.789326027563721e-03 6.865219559691047e+00
27.8 1.806819405778440e-03 7.308831733734766e+00
27.9 1.810853789821513e-03 7.283245448731859e+00
28 1.811676721369985e-03 7.207586930699401e+00
28.1 1.812121996840426e-03 7.138662059361654e+00
28.2 1.812471773229613e-03 7.072507194579805e+00
28.3 1.812844156369952e-03 7.004869129535144e+00
28.4 1.813401741545477e-03 6.930538247973242e+00
28.5 1.814980345028893e-03 6.846453015436578e+00
28.6 1.833808505217900e-03 7.332550383686322e+00
28.7 1.836087752095138e-03 7.267174286667190e+00
28.8 1.836778027644680e-03 7.194140468180509e+00
28.9 1.837188787855162e-03 7.127038197599721e+00
29 1.837531201745063e-03 7.061867025014207e+00
29.1 1.837914649160849e-03 6.994517061428768e+00
29.2 1.838523308410733e-03 6.919736619707580e+00
29.3 1.840551220071744e-03 6.840314529636283e+00
29.4 1.859339171201002e-03 7.330165187557365e+00
29.5 1.861180487853107e-03 7.259846384044276e+00
29.6 1.861818955114281e-03 7.188557272413885e+00
29.7 1.862215067763181e-03 7.122698871166232e+00
29.8 1.862553408446426e-03 7.058419648097402e+00
29.9 1.862938678148958e-03 6.991766590710128e+00
30 1.863558460893873e-03 6.917641998675075e+00
30.1 1.865677533978279e-03 6.840795606161940e+00
30.2 1.884353500168938e-03 7.329926663904254e+00
30.3 1.886170977839232e-03 7.260687899941430e+00
30.4 1.886808367001822e-03 7.190333753876726e+00
30.5 1.887203617733923e-03 7.125296879741473e+00
30.6 1.887538835412979e-03 7.061908584663376e+00
30.7 1.887914783050947e-03 6.996407730361185e+00
30.8 1.888500899561685e-03 6.924018317903501e+00
30.9 1.890271472888123e-03 6.845230202149991e+00
31 1.908893741294027e-03 7.332178235709612e+00
31.1 1.911060397672239e-03 7.269347037771992e+00
31.2 1.911746389462657e-03 7.199198950578294e+00
31.3 1.912154919770183e-03 7.134569341483399e+00
31.4 1.912489026929987e-03 7.072026346416219e+00
31.5 1.912847576865747e-03 7.008015820854184e+00
31.6 1.913369699966064e-03 6.938207822373095e+00
31.7 1.914658116546302e-03 6.859004316029223e+00
31.8 1.932372635364213e-03 7.318812613101540e+00
31.9 1.935814566234450e-03 7.285621488722470e+00
32 1.936624455132024e-03 7.215090506844228e+00
32.1 1.937066839589068e-03 7.150344511004254e+00
32.2 1.937405835450161e-03 7.088449883672769e+00
32.3 1.937745223545829e-03 7.026034461753171e+00
32.4 1.938194968943605e-03 6.959263608400867e+00
32.5 1.939092391815129e-03 6.883327133214850e+00
32.6 1.948677948726127e-03 7.048554536820541e+00
32.7 1.960320180814329e-03 7.308756491644062e+00
32.8 1.961418778686184e-03 7.238182909849098e+00
32.9 1.961932196967293e-03 7.172605662043811e+00
33 1.962289319367517e-03 7.110927117151051e+00
33.1 1.962615247754646e-03 7.049914536999239e+00
33.2 1.963001399487638e-03 6.986171595145152e+00
33.3 1.963635019181480e-03 6.915290519049984e+00
33.4 1.965786578827042e-03 6.844829517469332e+00
33.5 1.984122418748247e-03 7.331110010622027e+00
33.6 1.986067644183440e-03 7.268846719491050e+00
33.7 1.986732723316993e-03 7.201599171647221e+00
33.8 1.987134514747727e-03 7.139395032157894e+00
33.9 1.987460865436603e-03 7.079264691908335e+00
34 1.987801726882373e-03 7.018102640869987e+00
34.1 1.988269922881581e-03 6.952251123522902e+00
34.2 1.989250018322405e-03 6.877576219361232e+00
34.3 2.001774030973678e-03 7.157640306382013e+00
34.4 2.010375883738604e-03 7.306517635317112e+00
34.5 2.011422473755603e-03 7.237952321417163e+00
34.6 2.011925728594313e-03 7.174125231494540e+00
34.7 2.012277960472191e-03 7.113992443116747e+00
34.8 2.012597335189958e-03 7.054590902856697e+00
34.9 2.012968045222938e-03 6.992826798774604e+00
35 2.013548728288732e-03 6.924756633876848e+00
35.1 2.015194698865333e-03 6.851647823670814e+00
35.2 2.033221121151858e-03 7.328982613510960e+00
35.3 2.035866022969738e-03 7.282406780639851e+00
35.4 2.036622121214302e-03 7.215899722198588e+00
35.5 2.037050323999754e-03 7.154451713124386e+00
35.6 2.037379542291726e-03 7.095636167219038e+00
35.7 2.037702065079969e-03 7.036615370233761e+00
35.8 2.038107061131310e-03 6.974252701739662e+00
35.9 2.038815646244683e-03 6.904531799551092e+00
36 2.041754165197006e-03 6.852619831607717e+00
36.1 2.059428510757604e-03 7.328289498667406e+00
36.2 2.061105155817054e-03 7.266014050800043e+00
36.3 2.061736020811530e-03 7.201636474980636e+00
36.4 2.062126852581778e-03 7.141807329479652e+00
36.5 2.062445275913629e-03 7.083924152980465e+00
36.6 2.062772912069981e-03 7.025253761455894e+00
36.7 2.063205723640767e-03 6.962644369018835e+00
36.8 2.064023916350602e-03 6.892292266551848e+00
36.9 2.069002958678442e-03 6.898613249597488e+00
37 2.084846919484729e-03 7.321576649102655e+00
37.1 2.086214201288811e-03 7.257296427969423e+00
37.2 2.086790512206956e-03 7.194435085111255e+00
37.3 2.087163868898169e-03 7.135723496508138e+00
37.4 2.087476962350252e-03 7.078606713904822e+00
37.5 2.087806487995021e-03 7.020448803909483e+00
37.6 2.088250986616740e-03 6.958155253672845e+00
37.7 2.089116313891315e-03 6.888200076618439e+00
37.8 2.095266745505311e-03 6.936105537322085e+00
37.9 2.109932961387842e-03 7.319545638295994e+00
38 2.111232106439775e-03 7.255784254231357e+00
38.1 2.111795969595465e-03 7.193839676125491e+00
38.2 2.112164939032053e-03 7.135885967906557e+00
38.3 2.112475301992140e-03 7.079470438522950e+00
38.4 2.112801182049930e-03 7.022062120849582e+00
38.5 2.113236789187516e-03 6.960703077193490e+00
38.6 2.114064025677244e-03 6.891980924000191e+00
38.7 2.118962025520367e-03 6.899149020921318e+00
38.8 2.134757794044989e-03 7.323060423186933e+00
38.9 2.136166859473332e-03 7.261151079264869e+00
39 2.136754626833267e-03 7.199582201213904e+00
39.1 2.137131072949686e-03 7.142064728812648e+00
39.2 2.137441174353446e-03 7.086289338035836e+00
39.3 2.137758554915823e-03 7.029836340556648e+00
39.4 2.138167642883237e-03 6.969946721694172e+00
39.5 2.138891700519813e-03 6.903256544969309e+00
39.6 2.141827176843095e-03 6.857202104486925e+00
39.7 2.159214347293420e-03 7.329554277213603e+00
39.8 2.161003804890422e-03 7.273223903375580e+00
39.9 2.161662006296935e-03 7.211549980466647e+00
40 2.162061052245490e-03 7.154101138515980e+00
40.1 2.162375553817829e-03 7.098829518421464e+00
40.2 2.162682718568679e-03 7.043420833175760e+00
40.3 2.163055945183354e-03 6.985344743353136e+00
40.4 2.163654243473494e-03 6.921427524869754e+00
40.5 2.165340202056363e-03 6.855708103898356e+00
40.6 2.182726431080684e-03 7.322794611958406e+00
40.7 2.185692071571880e-03 7.291785653795436e+00
40.8 2.186503992097056e-03 7.229793463434049e+00
40.9 2.186950130320842e-03 7.171938075700576e+00
41 2.187278336288514e-03 7.116894225717543e+00
41.1 2.187578253381189e-03 7.062442904269812e+00
41.2 2.187915654939498e-03 7.006268948977834e+00
41.3 2.188398834904299e-03 6.945545628354695e+00
41.4 2.189422227611597e-03 6.878174871101456e+00
41.5 2.200059373595473e-03 7.101022337539559e+00
41.6 2.210077372520032e-03 7.315352270769657e+00
41.7 2.211246274387554e-03 7.254526627695906e+00
41.8 2.211786494483572e-03 7.195682684987625e+00
41.9 2.212146195666797e-03 7.140397106497608e+00
42 2.212447675701229e-03 7.086601897093699e+00
42.1 2.212756993929018e-03 7.032143044892098e+00
42.2 2.213150402433429e-03 6.974573938112874e+00
42.3 2.213818066791244e-03 6.910936869805997e+00
42.4 2.216022752303969e-03 6.854470025209310e+00
42.5 2.233482767609031e-03 7.329440301039092e+00
42.6 2.235798651392270e-03 7.285848230876330e+00
42.7 2.236542446982491e-03 7.225683513181000e+00
42.8 2.236968861564745e-03 7.169457093371330e+00
42.9 2.237288871785436e-03 7.115770364617608e+00
43 2.237583917937831e-03 7.062570721333440e+00
43.1 2.237915788294201e-03 7.007708875982070e+00
43.2 2.238385725975094e-03 6.948577788845704e+00
43.3 2.239344005545560e-03 6.883135463586862e+00
43.4 2.246942054194179e-03 6.994326415141025e+00
43.5 2.259844257504176e-03 7.320628153778440e+00
43.6 2.261147578663524e-03 7.262498041292740e+00
43.7 2.261720928294590e-03 7.204511588414921e+00
43.8 2.262091579928628e-03 7.150101885177220e+00
43.9 2.262393010493367e-03 7.097437985647871e+00
44 2.262690856925788e-03 7.044535171471094e+00
44.1 2.263050282002121e-03 6.989215542543739e+00
44.2 2.263607252758036e-03 6.928801323625233e+00
44.3 2.264985866709180e-03 6.864805049949054e+00
44.4 2.280754847530303e-03 7.282522466710263e+00
44.5 2.285371804950878e-03 7.305462160562310e+00
44.6 2.286337504684660e-03 7.246381145726835e+00
44.7 2.286829455103893e-03 7.190158572064537e+00
44.8 2.287171185754716e-03 7.137008390750335e+00
44.9 2.287464031520049e-03 7.085069213790526e+00
45 2.287767142540162e-03 7.032412551681899e+00
45.1 2.288150985913414e-03 6.976844715329853e+00
45.2 2.288786521434746e-03 6.915761946901685e+00
45.3 2.290660686684129e-03 6.857716366836764e+00
45.4 2.307700159615928e-03 7.321668336243422e+00
45.5 2.310609107175143e-03 7.295348357440714e+00
45.6 2.311434990494075e-03 7.237022578731871e+00
45.7 2.311887688734596e-03 7.182049268670067e+00
45.8 2.312214859018661e-03 7.129801121296524e+00
45.9 2.312503495494873e-03 7.078463691465626e+00
46 2.312809777592589e-03 7.026162860728448e+00
46.1 2.313207344384973e-03 6.970729476154971e+00
46.2 2.313888068906748e-03 6.909709630758808e+00
46.3 2.316103561898468e-03 6.858112810647353e+00
46.4 2.333198170853549e-03 7.326889216742797e+00
46.5 2.335685893228899e-03 7.291481873218557e+00
46.6 2.336465149305379e-03 7.233970013170153e+00
46.7 2.336904085833518e-03 7.179811135261306e+00
46.8 2.337225736178156e-03 7.128223500797422e+00
46.9 2.337511827426751e-03 7.077456195527843e+00
47 2.337816705973746e-03 7.025698376047090e+00
47.1 2.338212697309577e-03 6.970852161810971e+00
47.2 2.338887695505987e-03 6.910571820366350e+00
47.3 2.341029817333002e-03 6.858818959300560e+00
47.4 2.358016939376934e-03 7.325051151344003e+00
47.5 2.360636311249913e-03 7.293812543464718e+00
47.6 2.361435764273826e-03 7.236928613716399e+00
47.7 2.361881445452769e-03 7.183204686519077e+00
47.8 2.362205034029179e-03 7.132078161881934e+00
47.9 2.362489620158999e-03 7.081869771666481e+00
48 2.362788324286614e-03 7.030842130689117e+00
48.1 2.363167764261319e-03 6.977009012728451e+00
48.2 2.363789027649480e-03 6.918078957297540e+00
48.3 2.365514397649968e-03 6.861184676542865e+00
48.4 2.381981864956632e-03 7.309590967472237e+00
48.5 2.385447440975968e-03 7.301994627678823e+00
48.6 2.386343181227958e-03 7.245748729098041e+00
48.7 2.386818443871487e-03 7.192093109905469e+00
48.8 2.387152607708777e-03 7.141208941245907e+00
48.9 2.387437859092171e-03 7.091508923228830e+00
49 2.387727506443910e-03 7.041332625332402e+00
49.1 2.388080262292278e-03 6.988832270925911e+00
49.2 2.388620280462492e-03 6.931803304509054e+00
49.3 2.389870721813560e-03 6.871583191886971e+00
49.4 2.403245306351876e-03 7.208797563767979e+00
49.5 2.410045189554201e-03 7.314998789064918e+00
49.6 2.411170002028595e-03 7.260393511887420e+00
49.7 2.411708798910604e-03 7.206444970446619e+00
49.8 2.412066394763275e-03 7.155515088900261e+00
49.9 2.412357250884792e-03 7.106184689327920e+00
50 2.412638297547098e-03 7.056865256545706e+00
50.1 2.412961138590449e-03 7.005853771625925e+00
50.2 2.413415572387600e-03 6.951115546265490e+00
50.3 2.414292467861102e-03 6.891327263571640e+00
50.4 2.418731572207513e-03 6.902133586784813e+00
50.5 2.434175341034104e-03 7.327885972616277e+00
50.6 2.435871550117288e-03 7.280809540312061e+00
50.7 2.436537513650262e-03 7.226356348324433e+00
50.8 2.436940665643470e-03 7.174990411813257e+00
50.9 2.437246834409098e-03 7.125762814018390e+00
51 2.437523965186067e-03 7.077156610107117e+00
51.1 2.437820204777359e-03 7.027595616654324e+00
51.2 2.438200093263769e-03 6.975265812967331e+00
51.3 2.438822195663626e-03 6.918165810087011e+00
51.4 2.440510818229111e-03 6.863680233310518e+00
51.5 2.456490820253395e-03 7.299213751638935e+00
51.6 2.460325650529666e-03 7.306132060235642e+00
51.7 2.461270362454142e-03 7.252047906093658e+00
51.8 2.461762170947433e-03 7.199780194324311e+00
51.9 2.462101791187058e-03 7.150228162419089e+00
52 2.462384971857659e-03 7.102018814098012e+00
52.1 2.462663246674815e-03 7.053667933602902e+00
52.2 2.462986445256833e-03 7.003569168331930e+00
52.3 2.463444197746691e-03 6.949814517937323e+00
52.4 2.464328516086955e-03 6.891390512258623e+00
52.5 2.468695612339722e-03 6.902605291258022e+00
52.6 2.484069240894369e-03 7.328019834456633e+00
52.7 2.485820129879985e-03 7.283575911582951e+00
52.8 2.486500750588521e-03 7.230233266246473e+00
52.9 2.486909509300947e-03 7.179762325378599e+00
53 2.487216712283510e-03 7.131437997882744e+00
53.1 2.487490603049750e-03 7.083856059987182e+00
53.2 2.487777025107906e-03 7.035557823707015e+00
53.3 2.488132405506933e-03 6.984895637963230e+00
53.4 2.488681487126373e-03 6.929983362008658e+00
53.5 2.489948791180532e-03 6.873117640663483e+00
53.6 2.502528120911643e-03 7.185908250215247e+00
53.7 2.509891953108504e-03 7.317954586821372e+00
53.8 2.511080517070921e-03 7.266787481283862e+00
53.9 2.511640361634356e-03 7.214824402303001e+00
54 2.512005667833855e-03 7.165660489705446e+00
54.1 2.512295848741911e-03 7.118196578460395e+00
54.2 2.512566769123824e-03 7.071059673798107e+00
54.3 2.512862783377162e-03 7.022808630566367e+00
54.4 2.513248161002222e-03 6.971774750242527e+00
54.5 2.513885845866920e-03 6.916250620238811e+00
54.6 2.515630788685884e-03 6.865260113794236e+00
54.7 2.531351780242831e-03 7.295763934177531e+00
54.8 2.535252681224386e-03 7.308123249177065e+00
54.9 2.536219097552828e-03 7.256111009335073e+00
55 2.536719752284174e-03 7.205288554411280e+00
55.1 2.537062320054345e-03 7.157059378860883e+00
55.2 2.537343625345407e-03 7.110243471044401e+00
55.3 2.537613628964089e-03 7.063507716252671e+00
55.4 2.537916375695426e-03 7.015434014761068e+00
55.5 2.538321760392178e-03 6.964366725742585e+00
55.6 2.539020840985651e-03 6.908841329269006e+00
55.7 2.541170701165330e-03 6.865486510354440e+00
55.8 2.557359182828185e-03 7.315036227681964e+00
55.9 2.560395635681820e-03 7.302960112301272e+00
56 2.561276418513939e-03 7.251269738440284e+00
56.1 2.561752201535933e-03 7.201250912991316e+00
56.2 2.562084829064263e-03 7.153682775641287e+00
56.3 2.562361901895158e-03 7.107394328618000e+00
56.4 2.562630667064915e-03 7.061094291661551e+00
56.5 2.562934489673608e-03 7.013401548541397e+00
56.6 2.563344043826213e-03 6.962704956539168e+00
56.7 2.564055260233873e-03 6.907673278244636e+00
56.8 2.566274986548747e-03 6.866630469126550e+00
56.9 2.582401019434093e-03 7.315522061362635e+00
57 2.585388035575597e-03 7.303084796472374e+00
57.1 2.586266942606657e-03 7.251999894843109e+00
57.2 2.586742867178515e-03 7.202465662348780e+00
57.3 2.587075390872838e-03 7.155336134954394e+00
57.4 2.587351557598796e-03 7.109492523163234e+00
57.5 2.587617957143133e-03 7.063687508021333e+00
57.6 2.587916429374248e-03 7.016592142085699e+00
57.7 2.588313000766544e-03 6.966664322518984e+00
57.8 2.588982718742185e-03 6.912532742285191e+00
57.9 2.590887617215748e-03 6.866693653098434e+00
58 2.606570616173090e-03 7.300092096041773e+00
58.1 2.610232133701398e-03 7.308279642184189e+00
58.2 2.611190722755908e-03 7.258128834505934e+00
58.3 2.611691697844421e-03 7.208787573053208e+00
58.4 2.612034126752414e-03 7.161880768453814e+00
58.5 2.612313041953821e-03 7.116391430421376e+00
58.6 2.612576556296853e-03 7.071118469803991e+00
58.7 2.612864579282750e-03 7.024795880102665e+00
58.8 2.613234751382689e-03 6.975971566679911e+00
58.9 2.613825789179287e-03 6.923172708490471e+00
59 2.615261951859931e-03 6.871681086288487e+00
59.1 2.628711134578924e-03 7.223588956836846e+00
59.2 2.634869912141148e-03 7.317513410765748e+00
59.3 2.636033714274232e-03 7.269551030904001e+00
59.4 2.636593396713225e-03 7.220162708409934e+00
59.5 2.636958959485505e-03 7.173233641316128e+00
59.6 2.637246157619659e-03 7.127961439339975e+00
59.7 2.637508085604106e-03 7.083196441587688e+00
59.8 2.637783425221658e-03 7.037738384884441e+00
59.9 2.638120513116425e-03 6.990241183755170e+00
60 2.638620199234379e-03 6.939203372686387e+00
