0.1 3.017441860465116e-04 1.000000000000000e+01
0.2 5.495287889133726e-05 5.883966151370482e+00
0.3 7.487588394137455e-05 6.295774793171677e+00
0.4 8.185189152752485e-05 6.518623589578698e+00
0.5 8.547857302414504e-05 6.468686927605374e+00
0.6 1.024303640141287e-04 6.453085747531926e+00
0.7 1.067492544210691e-04 6.566004111237513e+00
0.8 1.090874882936569e-04 6.560378914514954e+00
0.9 1.134917429676582e-04 6.151707941072077e+00
1 1.290541203532271e-04 6.542991629225507e+00
1.1 1.319518667211586e-04 6.601175774817419e+00
1.2 1.337557292775908e-04 6.595002990128277e+00
1.3 1.358789105153914e-04 6.502671989595100e+00
1.4 1.495848241501764e-04 6.409108213576240e+00
1.5 1.552048662324603e-04 6.597619854532197e+00
1.6 1.572747515560885e-04 6.626064480429635e+00
1.7 1.587297754636078e-04 6.616141107470019e+00
1.8 1.602464098164658e-04 6.562219745699307e+00
1.9 1.673401521820165e-04 6.177606287555494e+00
2 1.782279577434464e-04 6.559861235809793e+00
2.1 1.810904042884586e-04 6.631505258623291e+00
2.2 1.826435839368824e-04 6.642601086439861e+00
2.3 1.838474230742936e-04 6.628734617200605e+00
2.4 1.850769636872454e-04 6.584110353230418e+00
2.5 1.872147562315443e-04 6.383322013873526e+00
2.6 2.007939120044857e-04 6.488513581499809e+00
2.7 2.049888946634545e-04 6.622185227072364e+00
2.8 2.068107218485855e-04 6.652190164198360e+00
2.9 2.080257453141209e-04 6.652484333339170e+00
3 2.090440124815894e-04 6.634868278329117e+00
3.1 2.100972619025422e-04 6.592310724002505e+00
3.2 2.117107114723438e-04 6.455505249985307e+00
3.3 2.231958683704645e-04 6.401392404124813e+00
3.4 2.289674802274263e-04 6.604072564438445e+00
3.5 2.311241299601046e-04 6.653302584239714e+00
3.6 2.324216856221769e-04 6.663767412175980e+00
3.7 2.334074206120818e-04 6.656757246001887e+00
3.8 2.342885000004508e-04 6.635450351003683e+00
3.9 2.352254614702527e-04 6.591543874023547e+00
4 2.366243248203970e-04 6.470833449643589e+00
4.1 2.465441032455104e-04 6.355160133597714e+00
4.2 2.531219678821844e-04 6.584966882833675e+00
4.3 2.555795338849844e-04 6.650573764446754e+00
4.4 2.569648369223254e-04 6.669096670535698e+00
4.5 2.579578188391472e-04 6.668634787189381e+00
4.6 2.587845128866315e-04 6.656094289562906e+00
4.7 2.595660577600292e-04 6.630803852101262e+00
4.8 2.604299382053282e-04 6.582837851772934e+00
4.9 2.617801367241188e-04 6.457699522047273e+00
5 2.709721153746561e-04 6.349770030185336e+00
5.1 2.775766497246751e-04 6.572404675109500e+00
5.2 2.801995635410743e-04 6.647511658259977e+00
5.3 2.816393603317333e-04 6.671592720927703e+00
5.4 2.826400686858471e-04 6.675526510045076e+00
5.5 2.834417177806550e-04 6.667964731698633e+00
5.6 2.841578036671093e-04 6.650623816803790e+00
5.7 2.848714221306410e-04 6.620566495385882e+00
5.8 2.857029428605864e-04 6.565245583261980e+00
5.9 2.872243493778574e-04 6.414845671251841e+00
6 2.963069145597799e-04 6.370442231434323e+00
6.1 3.024065575540923e-04 6.570807836059615e+00
6.2 3.050033302062636e-04 6.646630452809916e+00
6.3 3.064421908843538e-04 6.673241616923492e+00
6.4 3.074337499863308e-04 6.679786725315450e+00
6.5 3.082138167754534e-04 6.675251122383889e+00
6.6 3.088904578731005e-04 6.662245423191550e+00
6.7 3.095320109297148e-04 6.640023534849655e+00
6.8 3.102078016846568e-04 6.603620431140511e+00
6.9 3.110611524022099e-04 6.535475826828323e+00
7 3.137186810052611e-04 6.326243993796412e+00
7.1 3.222698273374381e-04 6.407157286308941e+00
7.2 3.275880707211188e-04 6.579812845187457e+00
7.3 3.299884068122172e-04 6.648983647968141e+00
7.4 3.313677308809200e-04 6.675170041042586e+00
7.5 3.323271052055007e-04 6.682712613757665e+00
7.6 3.330793236769082e-04 6.679848682650799e+00
7.7 3.337233154619640e-04 6.669356906197894e+00
7.8 3.343186045885135e-04 6.651333055127668e+00
7.9 3.349161365142939e-04 6.623301713229274e+00
8 3.355902701593681e-04 6.577472241035779e+00
8.1 3.365844372702096e-04 6.484664657829406e+00
8.2 3.418165141860516e-04 6.322947297111780e+00
8.3 3.486251570976320e-04 6.454877169327073e+00
8.4 3.530245134566449e-04 6.595945184772348e+00
8.5 3.551289295681728e-04 6.654293506066042e+00
8.6 3.564029651645818e-04 6.677787285905632e+00
8.7 3.573087657140494e-04 6.684984849543121e+00
8.8 3.580242447349317e-04 6.682750973263524e+00
8.9 3.586354603536219e-04 6.673620652593997e+00
9 3.591940752809266e-04 6.657976426945256e+00
9.1 3.597412210435653e-04 6.634372001355521e+00
9.2 3.603270339977351e-04 6.598320984153364e+00
9.3 3.610633983694094e-04 6.536460451449702e+00
9.4 3.628038155221868e-04 6.385992125352615e+00
9.5 3.695464284509124e-04 6.370879880781612e+00
9.6 3.752200814774304e-04 6.510180609765068e+00
9.7 3.786059322010319e-04 6.615252348649857e+00
9.8 3.803859411003311e-04 6.661517081244470e+00
9.9 3.815287131847368e-04 6.680973088320945e+00
10 3.823657031586152e-04 6.686850517379979e+00
10.1 3.830366859368240e-04 6.684455278731831e+00
10.2 3.836130165038174e-04 6.675873208140248e+00
10.3 3.841385650702889e-04 6.661503828918384e+00
10.4 3.846476276909021e-04 6.640352253869874e+00
10.5 3.851785972070340e-04 6.609353854701613e+00
10.6 3.858026397256529e-04 6.560385001863648e+00
10.7 3.868104723696675e-04 6.464771369841608e+00
10.8 3.913718946881968e-04 6.347006247445696e+00
10.9 3.970680907968965e-04 6.427124345223921e+00
11 4.017150092881681e-04 6.559022277153023e+00
11.1 4.042444328787649e-04 6.634584510861796e+00
11.2 4.057190549087228e-04 6.669409353478870e+00
11.3 4.067232158185564e-04 6.684314149291914e+00
11.4 4.074837126885273e-04 6.688275567607866e+00
11.5 4.081053388940626e-04 6.685154013446454e+00
11.6 4.086449828148897e-04 6.676525765997331e+00
11.7 4.091390399275489e-04 6.662675939726205e+00
11.8 4.096163865589294e-04 6.642787507105491e+00
11.9 4.101085472952093e-04 6.614468819572130e+00
12 4.106691695180675e-04 6.571833542890449e+00
12.1 4.114700004759672e-04 6.497229636762453e+00
12.2 4.142782290017852e-04 6.355568957786248e+00
12.3 4.197306950925759e-04 6.398233448655437e+00
12.4 4.245351668834473e-04 6.497197041357950e+00
12.5 4.279876855127817e-04 6.599546945607647e+00
12.6 4.298835857779278e-04 6.651946996855951e+00
12.7 4.310942841519246e-04 6.676888672733551e+00
12.8 4.319657543423842e-04 6.687306541010734e+00
12.9 4.326487896887921e-04 6.689070908374704e+00
13 4.332194765480366e-04 6.684850156325395e+00
13.1 4.337219031038508e-04 6.675738433714816e+00
13.2 4.341857474339201e-04 6.661850852463901e+00
13.3 4.346354693896149e-04 6.642404256495713e+00
13.4 4.350982235769385e-04 6.615314375929715e+00
13.5 4.356192952665414e-04 6.575728752099188e+00
13.6 4.363301726064776e-04 6.510370393878887e+00
13.7 4.382839018785131e-04 6.382085561435709e+00
13.8 4.431697628509206e-04 6.389661721124002e+00
13.9 4.477169053234194e-04 6.456786312144538e+00
14 4.516993553168492e-04 6.562682396669560e+00
14.1 4.540540025840759e-04 6.631146450061440e+00
14.2 4.554931820874997e-04 6.666325332159754e+00
14.3 4.564868077531831e-04 6.683170369125643e+00
14.4 4.572389245744285e-04 6.689480064220897e+00
14.5 4.578483838532223e-04 6.688982968508295e+00
14.6 4.583693988014719e-04 6.683433866781313e+00
14.7 4.588355762874419e-04 6.673512058110674e+00
14.8 4.592709474998471e-04 6.659146614225840e+00
14.9 4.596964948737910e-04 6.639504559650243e+00
15 4.601367004549857e-04 6.612595274948932e+00
15.1 4.606335516481988e-04 6.573978087800538e+00
15.2 4.613073677732609e-04 6.512115100206444e+00
15.3 4.629838510305829e-04 6.397053610120401e+00
15.4 4.672918374880110e-04 6.388317605670011e+00
15.5 4.715538320218947e-04 6.444575645458523e+00
15.6 4.755447976241950e-04 6.532791133629956e+00
15.7 4.782912590737242e-04 6.610615820434829e+00
15.8 4.799481935830577e-04 6.654644683687437e+00
15.9 4.810604273114494e-04 6.677357355057062e+00
16 4.818804344764502e-04 6.687753316895460e+00
16.1 4.825294612425630e-04 6.690448226239291e+00
16.2 4.830721468165499e-04 6.687745481649049e+00
16.3 4.835468594742176e-04 6.680729412671912e+00
16.4 4.839791165440386e-04 6.669738816357792e+00
16.5 4.843885086616862e-04 6.654516482249653e+00
16.6 4.847935206021403e-04 6.634121228897266e+00
16.7 4.852174905836795e-04 6.606500826511330e+00
16.8 4.857032219962941e-04 6.567205429088554e+00
16.9 4.863795334690638e-04 6.504969954350759e+00
17 4.880741339606885e-04 6.397821233351975e+00
17.1 4.919803357903160e-04 6.392874415285406e+00
17.2 4.959429762203315e-04 6.445770250068662e+00
17.3 4.996975396607671e-04 6.514909821942112e+00
17.4 5.026727815264808e-04 6.594151435235577e+00
17.5 5.044958636545427e-04 6.643980151354285e+00
17.6 5.057053513118033e-04 6.671295034819138e+00
17.7 5.065825610257957e-04 6.685038669466141e+00
17.8 5.072657359771264e-04 6.690345314897567e+00
17.9 5.078280820945714e-04 6.689908071516239e+00
18 5.083121792128526e-04 6.685098305992630e+00
18.1 5.087453214611225e-04 6.676516964617481e+00
18.2 5.091470923946075e-04 6.664225182818397e+00
18.3 5.095338666305891e-04 6.647778924047019e+00
18.4 5.099227177349960e-04 6.626073137681404e+00
18.5 5.103376236639450e-04 6.596845230898216e+00
18.6 5.108272578462640e-04 6.555244942996424e+00
18.7 5.115540122848910e-04 6.489174105561519e+00
18.8 5.134782567961810e-04 6.391284828349145e+00
18.9 5.171107163785131e-04 6.402327715542604e+00
19 5.207796610535124e-04 6.453249753418254e+00
19.1 5.242705568487867e-04 6.509675823856583e+00
19.2 5.272649504283020e-04 6.584316421166216e+00
19.3 5.291710078445628e-04 6.636139233101012e+00
19.4 5.304402986132346e-04 6.666221450346748e+00
19.5 5.313553945829633e-04 6.682288636732779e+00
19.6 5.320619732667672e-04 6.689516749824223e+00
19.7 5.326380630875632e-04 6.690779044706178e+00
19.8 5.331288793833800e-04 6.687613897757815e+00
19.9 5.335629497944358e-04 6.680782477971269e+00
20 5.339600556197323e-04 6.670533281209731e+00
20.1 5.343356752884723e-04 6.656691975052761e+00
20.2 5.347041892242236e-04 6.638614753879487e+00
20.3 5.350825921310722e-04 6.614959707510772e+00
20.4 5.354981393215883e-04 6.583065963704847e+00
20.5 5.360141415652459e-04 6.537196306032513e+00
20.6 5.368762845506167e-04 6.463792970230211e+00
20.7 5.391758520819012e-04 6.387023506143800e+00
20.8 5.425829663436823e-04 6.416456669626794e+00
20.9 5.459779568012945e-04 6.464895187261497e+00
21 5.492285964030392e-04 6.514397037065545e+00
21.1 5.520985165859239e-04 6.581705217088754e+00
21.2 5.539959108228060e-04 6.632176376398906e+00
21.3 5.552786169129222e-04 6.663003267145014e+00
21.4 5.562066069257570e-04 6.680206052983934e+00
21.5 5.569221563895247e-04 6.688582067549069e+00
21.6 5.575033819864395e-04 6.690965498170412e+00
21.7 5.579959524478898e-04 6.688939575407160e+00
21.8 5.584286307844332e-04 6.683340171591651e+00
21.9 5.588210815979893e-04 6.674518840144257e+00
22 5.591881760286187e-04 6.662453631435685e+00
22.1 5.595428440679112e-04 6.646751120036313e+00
22.2 5.598987913745734e-04 6.626529949024097e+00
22.3 5.602748674091447e-04 6.600094839676848e+00
22.4 5.607064694128137e-04 6.564096811670121e+00
22.5 5.612912059766900e-04 6.511231205992351e+00
22.6 5.624663633233131e-04 6.429926066147291e+00
22.7 5.651210042977267e-04 6.392360249649098e+00
22.8 5.683241567010739e-04 6.435168059132026e+00
22.9 5.714662884030048e-04 6.479734544243211e+00
23 5.745038165466871e-04 6.525770996823781e+00
23.1 5.771639448137689e-04 6.585402750370938e+00
23.2 5.789742291520852e-04 6.632261724764433e+00
23.3 5.802245768744620e-04 6.662025155337938e+00
23.4 5.811391100120879e-04 6.679192517723195e+00
23.5 5.818477684947783e-04 6.687935184723989e+00
23.6 5.824242373496910e-04 6.690869114298009e+00
23.7 5.829123741990822e-04 6.689513566629346e+00
23.8 5.833400325728703e-04 6.684706178644088e+00
23.9 5.837262360998702e-04 6.676839686512311e+00
24 5.840851697697564e-04 6.665972963064265e+00
24.1 5.844287441789948e-04 6.651853307445663e+00
24.2 5.847687951832378e-04 6.633852237884067e+00
24.3 5.851200740572866e-04 6.610768961437498e+00
24.4 5.855067676828721e-04 6.580349129218572e+00
24.5 5.859834936684680e-04 6.538066730404854e+00
24.6 5.867354824493435e-04 6.474671952282140e+00
24.7 5.884730729796182e-04 6.402077477048972e+00
24.8 5.912662482973188e-04 6.408991926071053e+00
24.9 5.942786256340945e-04 6.457628040065721e+00
25 5.971864941582312e-04 6.497004278345090e+00
25.1 6.000399689329441e-04 6.542102205921664e+00
25.2 6.024236415782574e-04 6.593877181085992e+00
25.3 6.040920474021128e-04 6.635868974813212e+00
25.4 6.052726188521449e-04 6.663210368156525e+00
25.5 6.061501775899826e-04 6.679345945541904e+00
25.6 6.068369853484559e-04 6.687750278731128e+00
25.7 6.073989474006772e-04 6.690709957016137e+00
25.8 6.078762369512611e-04 6.689599440472798e+00
25.9 6.082947684307521e-04 6.685201131197304e+00
26 6.086723867188079e-04 6.677902595693455e+00
26.1 6.090223878992750e-04 6.667795464277328e+00
26.2 6.093557802316593e-04 6.654702808682634e+00
26.3 6.096831399101425e-04 6.638139644320203e+00
26.4 6.100169018413795e-04 6.617179727297520e+00
26.5 6.103757916626578e-04 6.590138859152030e+00
26.6 6.107972214662579e-04 6.553823967075611e+00
26.7 6.113860560405654e-04 6.501876962222875e+00
26.8 6.125453323518499e-04 6.429861438373787e+00
26.9 6.148184143357224e-04 6.399436826146025e+00
27 6.175788476561377e-04 6.434968939704271e+00
27.1 6.203987015125444e-04 6.482098018146573e+00
27.2 6.230946056119327e-04 6.516383901364057e+00
27.3 6.257384983225571e-04 6.559601709727529e+00
27.4 6.278278624364005e-04 6.605557855188275e+00
27.5 6.293238680003301e-04 6.642090094164506e+00
27.6 6.304093571004708e-04 6.666144691577431e+00
27.7 6.312320728477175e-04 6.680513154526176e+00
27.8 6.318847794827416e-04 6.688011539797169e+00
27.9 6.324238081034144e-04 6.690552829674326e+00
28 6.328844418956900e-04 6.689319573462777e+00
28.1 6.332899164846071e-04 6.685000574348569e+00
28.2 6.336564727801060e-04 6.677945487921379e+00
28.3 6.339963195186771e-04 6.668245559373935e+00
28.4 6.343195717316455e-04 6.655757852621624e+00
28.5 6.346358365140137e-04 6.640076293766453e+00
28.6 6.349560968071746e-04 6.620430872339935e+00
28.7 6.352961213649706e-04 6.595454267915091e+00
28.8 6.356851990942629e-04 6.562656093174387e+00
28.9 6.361964446581369e-04 6.517298295409679e+00
29 6.370798695079445e-04 6.453318669564831e+00
29.1 6.388892286221623e-04 6.403443333076043e+00
29.2 6.413605279407860e-04 6.419796487650500e+00
29.3 6.440258038123017e-04 6.466488917622286e+00
29.4 6.466423951581519e-04 6.506616352106151e+00
29.5 6.491622620752547e-04 6.538446877776993e+00
29.6 6.515297335995224e-04 6.578816144920022e+00
29.7 6.533265234556410e-04 6.619026975647353e+00
29.8 6.546396687839936e-04 6.649903182056571e+00
29.9 6.556169989688882e-04 6.670233954418463e+00
30 6.563736855548701e-04 6.682374561696350e+00
30.1 6.569837085902426e-04 6.688562350205545e+00
30.2 6.574934451267731e-04 6.690341260366037e+00
30.3 6.579327939919447e-04 6.688685216295722e+00
30.4 6.583219276454992e-04 6.684169122527857e+00
30.5 6.586752320269133e-04 6.677084187009561e+00
30.6 6.590037002837670e-04 6.667498997555969e+00
30.7 6.593165519763964e-04 6.655276538261814e+00
30.8 6.596225945142321e-04 6.640048045133897e+00
30.9 6.599318531999455e-04 6.621128342269454e+00
31 6.602584595731257e-04 6.597326350686641e+00
31.1 6.606277080063466e-04 6.566536635470746e+00
31.2 6.610987096670065e-04 6.524916196095871e+00
31.3 6.618547894789600e-04 6.467158234224663e+00
31.4 6.633551016051323e-04 6.411954845941216e+00
31.5 6.655621287226263e-04 6.413098260356915e+00
31.6 6.680430454621899e-04 6.453815891703077e+00
31.7 6.705646724540776e-04 6.498839258785891e+00
31.8 6.729807341093164e-04 6.530463220211255e+00
31.9 6.753527907031642e-04 6.562815771480229e+00
32 6.773554770247725e-04 6.598793988751454e+00
32.1 6.788759586254378e-04 6.633046934684550e+00
32.2 6.800104696091537e-04 6.658341303638956e+00
32.3 6.808767351448045e-04 6.674839443208259e+00
32.4 6.815624705607112e-04 6.684531271145810e+00
32.5 6.821250236925295e-04 6.689160540599618e+00
32.6 6.826014461834322e-04 6.689935058549656e+00
32.7 6.830163448675830e-04 6.687625594709028e+00
32.8 6.833867728328963e-04 6.682687526423170e+00
32.9 6.837251914031767e-04 6.675343119937082e+00
33 6.840413443606189e-04 6.665624165269031e+00
33.1 6.843435870137318e-04 6.653380225119619e+00
33.2 6.846400665404739e-04 6.638250950992170e+00
33.3 6.849402010640915e-04 6.619588075627223e+00
33.4 6.852573396478918e-04 6.596288048041626e+00
33.5 6.856151596447843e-04 6.566446554757722e+00
33.6 6.860673213001608e-04 6.526719401071752e+00
33.7 6.867697019630887e-04 6.472761238194132e+00
33.8 6.881026385570013e-04 6.418624739434782e+00
33.9 6.901041535871367e-04 6.411891951712001e+00
34 6.924114770506530e-04 6.446489273638398e+00
34.1 6.948162944025911e-04 6.492526157705758e+00
34.2 6.971533756696101e-04 6.528229444095077e+00
34.3 6.994081831901561e-04 6.555462522325470e+00
34.4 7.015067386193248e-04 6.585478753192964e+00
34.5 7.031713365853306e-04 6.618442430216440e+00
34.6 7.044419827644206e-04 6.646577070909711e+00
34.7 7.054116442583471e-04 6.666581128978036e+00
34.8 7.061712402260601e-04 6.679368719116219e+00
34.9 7.067861211828318e-04 6.686574090128208e+00
35 7.072997537029348e-04 6.689527032710757e+00
35.1 7.077410591629252e-04 6.689144916757813e+00
35.2 7.081298364870972e-04 6.686014077105178e+00
35.3 7.084802110074011e-04 6.680474755480155e+00
35.4 7.088028024258328e-04 6.672677034876385e+00
35.5 7.091061634101662e-04 6.662607468173888e+00
35.6 7.093978672369534e-04 6.650088334218935e+00
35.7 7.096855566806937e-04 6.634745806577493e+00
35.8 7.099783624805109e-04 6.615932396478277e+00
35.9 7.102895617043971e-04 6.592568131223771e+00
36 7.106430195517622e-04 6.562828418733896e+00
36.1 7.110925690968291e-04 6.523644716372170e+00
36.2 7.117878097887387e-04 6.471722684060105e+00
36.3 7.130549992678246e-04 6.421424403392443e+00
36.4 7.149174809998910e-04 6.413433650699225e+00
36.5 7.170804502438440e-04 6.444352008083800e+00
36.6 7.193664084381353e-04 6.489575378297209e+00
36.7 7.216202813905274e-04 6.528243304824748e+00
36.8 7.237760483459731e-04 6.554670156863486e+00
36.9 7.258540373536741e-04 6.579983500880310e+00
37 7.275828652470944e-04 6.608316185821156e+00
37.1 7.289470090018711e-04 6.636655970435267e+00
37.2 7.300004843386043e-04 6.658806591726966e+00
37.3 7.308242447148110e-04 6.673978381434394e+00
37.4 7.314860660609895e-04 6.683322549157857e+00
37.5 7.320337045084857e-04 6.688126962863518e+00
37.6 7.324995496584787e-04 6.689380614538983e+00
37.7 7.329057991617993e-04 6.687759039587179e+00
37.8 7.332681309240484e-04 6.683688733751572e+00
37.9 7.335980880452911e-04 6.677404682587857e+00
38 7.339046405429908e-04 6.668985888793184e+00
38.1 7.341952848027570e-04 6.658368616108047e+00
38.2 7.344769503077111e-04 6.645336908567897e+00
38.3 7.347569768829309e-04 6.629484735077481e+00
38.4 7.350445732726819e-04 6.610134135935643e+00
38.5 7.353537125168212e-04 6.586175470965318e+00
38.6 7.357103113203357e-04 6.555774331219952e+00
38.7 7.361736323561571e-04 6.516037965286746e+00
38.8 7.369014531232541e-04 6.465192117737407e+00
38.9 7.381727276525058e-04 6.420924032651842e+00
39 7.399517771748037e-04 6.416529397079591e+00
39.1 7.420033868168759e-04 6.446636027620915e+00
39.2 7.441813197551570e-04 6.490848815515408e+00
39.3 7.463470552997540e-04 6.530692902201348e+00
39.4 7.484180067117928e-04 6.557881271743494e+00
39.5 7.504262440620403e-04 6.580479395014561e+00
39.6 7.521522693931458e-04 6.603362986486878e+00
39.7 7.535581812409698e-04 6.629779496048211e+00
39.8 7.546654655432767e-04 6.652543860789164e+00
39.9 7.555363960749362e-04 6.669171955398902e+00
40 7.562349517406526e-04 6.680067048720759e+00
40.1 7.568101058446530e-04 6.686307960320748e+00
40.2 7.572962409049212e-04 6.688866481257485e+00
40.3 7.577172158097846e-04 6.688457214116042e+00
40.4 7.580898878263532e-04 6.685559589380293e+00
40.5 7.584265595338024e-04 6.680465545376836e+00
40.6 7.587366102590574e-04 6.673316491612977e+00
40.7 7.590276192140538e-04 6.664123169521150e+00
40.8 7.593062211656237e-04 6.652767711862408e+00
40.9 7.595789000500738e-04 6.638985569444839e+00
41 7.598529700904022e-04 6.622319791441119e+00
41.1 7.601382099768503e-04 6.602030595596922e+00
41.2 7.604503226871186e-04 6.576928216145867e+00
41.3 7.608197832641542e-04 6.545103685379732e+00
41.4 7.613178359658116e-04 6.503914854119802e+00
41.5 7.621201782380364e-04 6.454372159500577e+00
41.6 7.634401184751648e-04 6.418953377987624e+00
41.7 7.651743299257110e-04 6.421334264225877e+00
41.8 7.671437704690284e-04 6.452881871112782e+00
41.9 7.692283972062918e-04 6.496450178820899e+00
42 7.713055112964041e-04 6.536139517713195e+00
42.1 7.732937410486720e-04 6.563629132549738e+00
42.2 7.752184792732137e-04 6.584648181628853e+00
42.3 7.768962498659342e-04 6.602894518776792e+00
42.4 7.782968842455579e-04 6.626351572948751e+00
42.5 7.794240491997002e-04 6.648440397219626e+00
42.6 7.803204255867057e-04 6.665559202908986e+00
42.7 7.810417993755442e-04 6.677336278655285e+00
42.8 7.816352723090386e-04 6.684534294057656e+00
42.9 7.821354476535428e-04 6.688028936692713e+00
43 7.825668516904395e-04 6.688523231098236e+00
43.1 7.829469584141828e-04 6.686515596329651e+00
43.2 7.832885179092769e-04 6.682329053276630e+00
43.3 7.836011717027607e-04 6.676143694485539e+00
43.4 7.838925706431690e-04 6.668018141866368e+00
43.5 7.841691989906550e-04 6.657897196518320e+00
43.6 7.844370756804271e-04 6.645604161273819e+00
43.7 7.847025115171379e-04 6.630813786586375e+00
43.8 7.849731988836551e-04 6.612996402075206e+00
43.9 7.852602338754167e-04 6.591314885174436e+00
44 7.855826796998150e-04 6.564449650429516e+00
44.1 7.859795748209191e-04 6.530405679068796e+00
44.2 7.865431835661944e-04 6.487286546268963e+00
44.3 7.874641003348023e-04 6.441312840163050e+00
44.4 7.888522564266914e-04 6.417921039061696e+00
44.5 7.905653442683279e-04 6.428747126883484e+00
44.6 7.924749500177715e-04 6.463033825123465e+00
44.7 7.944792103883943e-04 6.506197483065528e+00
44.8 7.964691954987495e-04 6.544736331536070e+00
44.9 7.983734573482519e-04 6.571524822174766e+00
45 8.002094601244839e-04 6.590864104273176e+00
45.1 8.018100742464993e-04 6.605669876541214e+00
45.2 8.031698495648456e-04 6.626087174954614e+00
45.3 8.042854751338885e-04 6.646692738157411e+00
45.4 8.051844376254165e-04 6.663475433273215e+00
45.5 8.059128937927259e-04 6.675479064462890e+00
45.6 8.065138432847096e-04 6.683137274492811e+00
45.7 8.070204695296443e-04 6.687182306438064e+00
45.8 8.074569197619818e-04 6.688264685767590e+00
45.9 8.078406391293765e-04 6.686871252737891e+00
46 8.081844331467606e-04 6.683332687625818e+00
46.1 8.084979798180087e-04 6.677847775837776e+00
46.2 8.087888990107534e-04 6.670503047398160e+00
46.3 8.090635360695208e-04 6.661282337303943e+00
46.4 8.093276008884293e-04 6.650064423091090e+00
46.5 8.095868015928283e-04 6.636606106326631e+00
46.6 8.098476620280267e-04 6.620504949703219e+00
46.7 8.101188856963834e-04 6.601130404442102e+00
46.8 8.104141430737186e-04 6.577506259314569e+00
46.9 8.107587271040891e-04 6.548148920615610e+00
47 8.112071169019587e-04 6.511154779420806e+00
47.1 8.118819396202775e-04 6.466940574254709e+00
47.2 8.129531714377015e-04 6.429426084606982e+00
47.3 8.144075756467845e-04 6.420250654882834e+00
47.4 8.161131210595846e-04 6.439862485216761e+00
47.5 8.179774960015377e-04 6.477215100550278e+00
47.6 8.199095773808570e-04 6.519766768999023e+00
47.7 8.218131376141115e-04 6.556232930619807e+00
47.8 8.236318292531025e-04 6.581321795946684e+00
47.9 8.253708758065533e-04 6.598167748967933e+00
48 8.268762442313905e-04 6.610550823375970e+00
48.1 8.281711291103646e-04 6.628352760223854e+00
48.2 8.292499702041621e-04 6.647130239451081e+00
48.3 8.301306918215609e-04 6.662981098830069e+00
48.4 8.308507350902843e-04 6.674647858083795e+00
48.5 8.314479599289590e-04 6.682302134442827e+00
48.6 8.319529378756977e-04 6.686523896950808e+00
48.7 8.323885335450092e-04 6.687886725905742e+00
48.8 8.327715490963276e-04 6.686842627640059e+00
48.9 8.331144445089776e-04 6.683710552576725e+00
49 8.334266820791029e-04 6.678691394808216e+00
49.1 8.337157072479793e-04 6.671883898947411e+00
49.2 8.339876744070832e-04 6.663293852116208e+00
49.3 8.342480302344662e-04 6.652834046679898e+00
49.4 8.345020661765929e-04 6.640312867388491e+00
49.5 8.347555819052349e-04 6.625407524045594e+00
49.6 8.350159086501444e-04 6.607614432090073e+00
49.7 8.352938475628049e-04 6.586165182180219e+00
49.8 8.356079586137665e-04 6.559904739809486e+00
49.9 8.359951548352215e-04 6.527249241735155e+00
50 8.365360391097028e-04 6.487234862352246e+00
50.1 8.373761754102350e-04 6.445942131890224e+00
50.2 8.385961203856273e-04 6.422699981376495e+00
50.3 8.401054672893429e-04 6.427902857997797e+00
50.4 8.418101289845386e-04 6.455576500816827e+00
50.5 8.436358871934363e-04 6.495444088123313e+00
50.6 8.454979532098081e-04 6.536642352196919e+00
50.7 8.473136917465267e-04 6.570066376813656e+00
50.8 8.490459442068672e-04 6.592658679409137e+00
50.9 8.506717710328654e-04 6.605974076724933e+00
51 8.520715267186501e-04 6.616722931938381e+00
51.1 8.532864803600019e-04 6.632468666395224e+00
51.2 8.543102557611967e-04 6.649372736048624e+00
51.3 8.551558167242493e-04 6.663922446934547e+00
51.4 8.558538317370925e-04 6.674818764593689e+00
51.5 8.564369581626081e-04 6.682074473318338e+00
51.6 8.569325053408910e-04 6.686137863428308e+00
51.7 8.573614126506953e-04 6.687497935185384e+00
51.8 8.577393448702408e-04 6.686557677449887e+00
51.9 8.580780673450093e-04 6.683610177471250e+00
52 8.583865918464704e-04 6.678845549948394e+00
52.1 8.586720421111224e-04 6.672362532846383e+00
52.2 8.589403066066819e-04 6.664176064400305e+00
52.3 8.591965649544073e-04 6.654217785949107e+00
52.4 8.594457781171381e-04 6.642327440820429e+00
52.5 8.596932550146611e-04 6.628232111555878e+00
52.6 8.599454837370814e-04 6.611507895139897e+00
52.7 8.602116239139995e-04 6.591515940194333e+00
52.8 8.605066273153618e-04 6.567309619973333e+00
52.9 8.608585158571489e-04 6.537576723351837e+00
53 8.613255503618794e-04 6.501147679089101e+00
53.1 8.620205536886794e-04 6.460657873669363e+00
53.2 8.630539171242505e-04 6.430101110183381e+00
53.3 8.643918714856457e-04 6.424122802436885e+00
53.4 8.659456132267351e-04 6.442123153424207e+00
53.5 8.676496260324857e-04 6.476316216886209e+00
53.6 8.694352397751878e-04 6.517389326051850e+00
53.7 8.712234546727094e-04 6.556025713080950e+00
53.8 8.729482497858510e-04 6.585444966863397e+00
53.9 8.745951049529184e-04 6.605086818740362e+00
54 8.760814914387983e-04 6.613917390722126e+00
54.1 8.773711647065397e-04 6.623674357737399e+00
54.2 8.784974800941381e-04 6.637857365193050e+00
54.3 8.794540653878627e-04 6.652968914188538e+00
54.4 8.802520450113470e-04 6.666014494717742e+00
54.5 8.809172425990624e-04 6.675835713626559e+00
54.6 8.814775759909375e-04 6.682384095329727e+00
54.7 8.819568929420194e-04 6.686009700516990e+00
54.8 8.823738487352178e-04 6.687121342376553e+00
54.9 8.827426391930694e-04 6.686067070243699e+00
55 8.830740762982560e-04 6.683105388916163e+00
55.1 8.833765347110335e-04 6.678406539542801e+00
55.2 8.836566914008548e-04 6.672060152695147e+00
55.3 8.839200970468908e-04 6.664080717221927e+00
55.4 8.841716441783119e-04 6.654407610160355e+00
55.5 8.844160051197869e-04 6.642897688133909e+00
55.6 8.846581330884156e-04 6.629307876035902e+00
55.7 8.849039800828516e-04 6.613263587325775e+00
55.8 8.851617447127979e-04 6.594207171711181e+00
55.9 8.854443815942499e-04 6.571325010503411e+00
56 8.857751960520131e-04 6.543499962133406e+00
56.1 8.862005819935695e-04 6.509639774454592e+00
56.2 8.868104109324527e-04 6.471077204134972e+00
56.3 8.877129350599191e-04 6.437882446815922e+00
56.4 8.889133887839733e-04 6.424801786852850e+00
56.5 8.903378609471697e-04 6.435094762186154e+00
56.6 8.919262825295248e-04 6.463343774951491e+00
56.7 8.936224210003346e-04 6.501843048378968e+00
56.8 8.953585177271879e-04 6.542204375805282e+00
56.9 8.970644811006540e-04 6.576806310341942e+00
57 8.986954812008429e-04 6.601472846943421e+00
57.1 9.002420705563864e-04 6.616494878895720e+00
57.2 9.015718888475343e-04 6.621819826600568e+00
57.3 9.027511361693584e-04 6.631108969656831e+00
57.4 9.037843988691282e-04 6.644066770741228e+00
57.5 9.046665884855383e-04 6.657474941912992e+00
57.6 9.054088455213864e-04 6.668912470909511e+00
57.7 9.060335654423448e-04 6.677460454401731e+00
57.8 9.065645328500720e-04 6.683077767632549e+00
57.9 9.070222243406108e-04 6.686048119990159e+00
58 9.074228920872000e-04 6.686710186366184e+00
58.1 9.077790945111624e-04 6.685357021232865e+00
58.2 9.081005351366041e-04 6.682208422781368e+00
58.3 9.083948286599088e-04 6.677409115619525e+00
58.4 9.086681176925624e-04 6.671033283214689e+00
58.5 9.089255622386847e-04 6.663087909895640e+00
58.6 9.091717510620891e-04 6.653511821913427e+00
58.7 9.094110951172875e-04 6.642168490978424e+00
58.8 9.096482836063926e-04 6.628830332100745e+00
58.9 9.098889368776077e-04 6.613151120350127e+00
59 9.101407259424396e-04 6.594622370440476e+00
59.1 9.104155703124712e-04 6.572514773669049e+00
59.2 9.107343738334605e-04 6.545848430075938e+00
59.3 9.111373681561424e-04 6.513676208711686e+00
59.4 9.117005423756549e-04 6.476953367735514e+00
59.5 9.125210465660398e-04 6.443620634636733e+00
59.6 9.136209637294631e-04 6.427038753630406e+00
59.7 9.149425354784782e-04 6.432258955993659e+00
59.8 9.164317473268637e-04 6.455716968232531e+00
59.9 9.180412047951579e-04 6.491095350178086e+00
60 9.197139288744346e-04 6.531121492570369e+00
