0.1 7.591541440457621e-05 6.476570987969090e+00
0.2 1.017877391460009e-04 6.572670849864805e+00
0.3 1.118558520026002e-04 6.432761657053947e+00
0.4 1.335039494589024e-04 6.694592004310246e+00
0.5 1.535647527103235e-04 6.695224865854365e+00
0.6 1.596353731834502e-04 6.687140098626461e+00
0.7 1.794020920316294e-04 6.737757214242085e+00
0.8 1.843252654654947e-04 6.719975168499532e+00
0.9 2.002859991004880e-04 6.632399329369469e+00
1 2.082008180409048e-04 6.768050125015833e+00
1.1 2.113754945787065e-04 6.596671677053187e+00
1.2 2.307088713688800e-04 6.788227954069431e+00
1.3 2.341444969410508e-04 6.755485709356894e+00
1.4 2.372344259289219e-04 6.498782745609199e+00
1.5 2.562390071420614e-04 6.802899685403619e+00
1.6 2.591629044878140e-04 6.765028443637768e+00
1.7 2.616994629767539e-04 6.578466548839087e+00
1.8 2.801328683388511e-04 6.798690614264809e+00
1.9 2.835348578493717e-04 6.792766454993751e+00
2 2.855592498901570e-04 6.696485103882249e+00
2.1 2.989997909258017e-04 6.631474804738701e+00
2.2 3.071143942960391e-04 6.818805947100357e+00
2.3 3.093078847659863e-04 6.774515913479119e+00
2.4 3.112281659004825e-04 6.642892764230535e+00
2.5 3.273960632814817e-04 6.750293669316898e+00
2.6 3.324869380909727e-04 6.822300585081202e+00
2.7 3.344147787625237e-04 6.775724600523004e+00
2.8 3.361469450401249e-04 6.655457494282631e+00
2.9 3.507458273009091e-04 6.708062691485421e+00
3 3.570159736363425e-04 6.828921044140008e+00
3.1 3.590277900812378e-04 6.795645103869959e+00
3.2 3.605401467872748e-04 6.712880553378049e+00
3.3 3.661248559825061e-04 6.411574692526845e+00
3.4 3.803349922717668e-04 6.821420179519481e+00
3.5 3.831345973946091e-04 6.822594033858686e+00
3.6 3.846675974859056e-04 6.772413882826712e+00
3.7 3.861445847055344e-04 6.662298370935989e+00
3.8 3.977553059090038e-04 6.620013673522868e+00
3.9 4.061775781485373e-04 6.833203949063003e+00
4 4.084223328227844e-04 6.820269895901641e+00
4.1 4.098078990023044e-04 6.768309755471493e+00
4.2 4.111998268226315e-04 6.659258231181446e+00
4.3 4.219079560455935e-04 6.598508831454065e+00
4.4 4.308277539968979e-04 6.832892393588944e+00
4.5 4.331828117016816e-04 6.827883379152331e+00
4.6 4.345557970366924e-04 6.784242945323115e+00
4.7 4.357851742292932e-04 6.701013196467503e+00
4.8 4.398256494114338e-04 6.437195953709297e+00
4.9 4.539868890125656e-04 6.807818224609136e+00
5 4.573650526871266e-04 6.839403180180497e+00
5.1 4.589437726740308e-04 6.811425648049193e+00
5.2 4.601079064840652e-04 6.755388327684326e+00
5.3 4.614019502180011e-04 6.642166016498292e+00
5.4 4.714484316728660e-04 6.598940119452032e+00
5.5 4.803237527732459e-04 6.831763722919719e+00
5.6 4.828158486069935e-04 6.837628292157616e+00
5.7 4.841838205589830e-04 6.805051795429486e+00
5.8 4.852669114161575e-04 6.746461897824113e+00
5.9 4.865530291409279e-04 6.627740106293638e+00
6 4.966972225382689e-04 6.614289529768421e+00
6.1 5.051841612478183e-04 6.832019413077305e+00
6.2 5.076874753665114e-04 6.840703471035725e+00
6.3 5.090496244878080e-04 6.811869212085982e+00
6.4 5.100928565844032e-04 6.760116020135461e+00
6.5 5.112051127109414e-04 6.665533565812386e+00
6.6 5.173231753377229e-04 6.494379330224271e+00
6.7 5.286094774213706e-04 6.809258599137752e+00
6.8 5.319711660656853e-04 6.845743671737779e+00
6.9 5.335538270727448e-04 6.828080922093882e+00
7 5.346350687580098e-04 6.788406772193003e+00
7.1 5.356064332528919e-04 6.722938530347662e+00
7.2 5.370232531606483e-04 6.583148427259046e+00
7.3 5.479328693672908e-04 6.668723857139461e+00
7.4 5.551361632459914e-04 6.835408652118328e+00
7.5 5.575396902565040e-04 6.844817849528912e+00
7.6 5.588674348148498e-04 6.820911679586484e+00
7.7 5.598510916852294e-04 6.777974426315915e+00
7.8 5.607916184215902e-04 6.707737452195701e+00
7.9 5.624456749997492e-04 6.549494988622818e+00
8 5.737831138519646e-04 6.701901914023988e+00
8.1 5.802123127262559e-04 6.838193667618999e+00
8.2 5.825171831185208e-04 6.846187353003498e+00
8.3 5.838148790730331e-04 6.823730310082107e+00
8.4 5.847717121096478e-04 6.783685794278295e+00
8.5 5.856609486707898e-04 6.720289921371199e+00
8.6 5.869498462818156e-04 6.593675330318726e+00
8.7 5.960108053187884e-04 6.621267494810178e+00
8.8 6.041268796868320e-04 6.826204802480583e+00
8.9 6.069533067998599e-04 6.849569785374362e+00
9 6.084192956211129e-04 6.834814406385609e+00
9.1 6.094243669316589e-04 6.802256026232902e+00
9.2 6.102767014869928e-04 6.752061085406511e+00
9.3 6.112209864522050e-04 6.667675776393992e+00
9.4 6.147671501052371e-04 6.487188667873829e+00
9.5 6.256818669168778e-04 6.765481964904681e+00
9.6 6.305130612986098e-04 6.844694462242066e+00
9.7 6.325624634528353e-04 6.847934243969132e+00
9.8 6.337772923315591e-04 6.826866318720544e+00
9.9 6.346789763742548e-04 6.790689354053182e+00
10 6.354930407715139e-04 6.735992378410648e+00
10.1 6.364938040107524e-04 6.640687083571255e+00
10.2 6.416668230999317e-04 6.513903412967766e+00
10.3 6.515502507669440e-04 6.788584121859769e+00
10.4 6.557159086736791e-04 6.847892303335550e+00
10.5 6.576237268641462e-04 6.848337635562234e+00
10.6 6.587884967121085e-04 6.827394729458496e+00
10.7 6.596610218539930e-04 6.792438880281683e+00
10.8 6.604449080453031e-04 6.740519828195083e+00
10.9 6.613720829214135e-04 6.653688704018012e+00
11 6.652035272131470e-04 6.498611821308692e+00
11.1 6.751120682093346e-04 6.763378676018035e+00
11.2 6.800553667136657e-04 6.844271331420639e+00
11.3 6.822216934980470e-04 6.851888593942197e+00
11.4 6.834888563582485e-04 6.835871515719893e+00
11.5 6.843957259250607e-04 6.806038200907238e+00
11.6 6.851640307005993e-04 6.762261290281685e+00
11.7 6.859616638190351e-04 6.695003640507878e+00
11.8 6.874326860449155e-04 6.562267088036724e+00
11.9 6.955031164423810e-04 6.628771411798261e+00
12 7.030761547708890e-04 6.823192033568063e+00
12.1 7.061800595491911e-04 6.853188221775976e+00
12.2 7.078058986880546e-04 6.848105339784972e+00
12.3 7.088613353168049e-04 6.826662343478410e+00
12.4 7.096729042936373e-04 6.793118105426796e+00
12.5 7.104043539692811e-04 6.744761752339085e+00
12.6 7.112386431806185e-04 6.668141067963363e+00
12.7 7.136059176577865e-04 6.515691604584813e+00
12.8 7.223881546383745e-04 6.693090295859087e+00
12.9 7.287376614372189e-04 6.835351484464839e+00
13 7.314272177967116e-04 6.855031843943714e+00
13.1 7.329200424849908e-04 6.847402793252238e+00
13.2 7.339192027050639e-04 6.825453742700603e+00
13.3 7.346997045579631e-04 6.792205645792048e+00
13.4 7.354078310980323e-04 6.744877908332230e+00
13.5 7.362119922064067e-04 6.671202440446617e+00
13.6 7.382673476315516e-04 6.527606551903842e+00
13.7 7.463926942812293e-04 6.666628772108615e+00
13.8 7.531271551624482e-04 6.831149804866558e+00
13.9 7.560499750885612e-04 6.855577263170211e+00
14 7.576538385892851e-04 6.851234826461633e+00
14.1 7.587041133636259e-04 6.832394235792986e+00
14.2 7.595014517537805e-04 6.802827835669417e+00
14.3 7.601959419893204e-04 6.761320973151218e+00
14.4 7.609176067426253e-04 6.700239115425079e+00
14.5 7.620867752065287e-04 6.591810222422611e+00
14.6 7.678309757832858e-04 6.564366138570650e+00
14.7 7.758457053333001e-04 6.798329548400507e+00
14.8 7.798852569680263e-04 6.851649164269246e+00
14.9 7.819270845056039e-04 6.856764663716697e+00
15 7.831796853805587e-04 6.844651893080309e+00
15.1 7.840690609711691e-04 6.821381777868961e+00
15.2 7.847884772083603e-04 6.788084052085644e+00
15.3 7.854551439832473e-04 6.741652690113618e+00
15.4 7.862211964376395e-04 6.670985523378413e+00
15.5 7.880355735754651e-04 6.540505500055702e+00
15.6 7.951070547566710e-04 6.634891594975524e+00
15.7 8.021104466276710e-04 6.824744037788751e+00
15.8 8.053834476832998e-04 6.856604511523937e+00
15.9 8.071734957480224e-04 6.856594781429982e+00
16 8.083203714662969e-04 6.842540758736653e+00
16.1 8.091579509862670e-04 6.818502942839054e+00
16.2 8.098482326456057e-04 6.784902761677500e+00
16.3 8.104970139766061e-04 6.738411018007755e+00
16.4 8.112540608839274e-04 6.668073446797077e+00
16.5 8.130645988293783e-04 6.541720875859906e+00
16.6 8.197766799741962e-04 6.628586875039703e+00
16.7 8.267365701278983e-04 6.823074174902670e+00
16.8 8.301121662681316e-04 6.857582420344777e+00
16.9 8.319670887763013e-04 6.858616701120947e+00
17 8.331538195716846e-04 6.846250359810797e+00
17.1 8.340107513976423e-04 6.824284794980705e+00
17.2 8.347040705431799e-04 6.793481384811802e+00
17.3 8.353359426195387e-04 6.751578247376512e+00
17.4 8.360211298164757e-04 6.690951682698207e+00
17.5 8.371972027447663e-04 6.587505957372778e+00
17.6 8.421828780432679e-04 6.559286145090669e+00
17.7 8.495270931543794e-04 6.781194600142054e+00
17.8 8.539959081760013e-04 6.853725772989106e+00
17.9 8.562558352213938e-04 6.861664964074101e+00
18 8.576499993048709e-04 6.854140810095142e+00
18.1 8.586142559465883e-04 6.836708159940033e+00
18.2 8.593572056735939e-04 6.810970990538098e+00
18.3 8.599940413757793e-04 6.776260271341958e+00
18.4 8.606142452465649e-04 6.728694981927822e+00
18.5 8.613761062642573e-04 6.656920234563673e+00
18.6 8.633665785300125e-04 6.537317350094562e+00
18.7 8.696310318163592e-04 6.631384215497215e+00
18.8 8.763023882657823e-04 6.824166647075504e+00
18.9 8.797236806947625e-04 6.860914438609026e+00
19 8.816393185647419e-04 6.862196362267888e+00
19.1 8.828782408759530e-04 6.851859228133026e+00
19.2 8.837648091156134e-04 6.832934537155730e+00
19.3 8.844655668851218e-04 6.806264318401666e+00
19.4 8.850788231862054e-04 6.770743541466633e+00
19.5 8.856893133244821e-04 6.722150256886978e+00
19.6 8.864684921477833e-04 6.648595374341165e+00
19.7 8.886473293512090e-04 6.533921804593161e+00
19.8 8.947783618744365e-04 6.639371479914509e+00
19.9 9.012434776823229e-04 6.827202085806733e+00
20 9.046110233515467e-04 6.863226887931891e+00
20.1 9.065226661260907e-04 6.863932817949390e+00
20.2 9.077716772036296e-04 6.854012830888967e+00
20.3 9.086664779466412e-04 6.836127895753596e+00
20.4 9.093694659765263e-04 6.810970694814135e+00
20.5 9.099768062769981e-04 6.777717806360632e+00
20.6 9.105658497794522e-04 6.733054876416892e+00
20.7 9.112651519812884e-04 6.668039081953013e+00
20.8 9.127570885857196e-04 6.561125752503951e+00
20.9 9.178531235139371e-04 6.585774360647619e+00
21 9.244865444447952e-04 6.792101597122428e+00
21.1 9.286841057049176e-04 6.861400741314996e+00
21.2 9.309016647468956e-04 6.867109774710121e+00
21.3 9.323203956639843e-04 6.859977329431324e+00
21.4 9.333131423087878e-04 6.845196652827737e+00
21.5 9.340687669029397e-04 6.823534260913163e+00
21.6 9.346962671032042e-04 6.794784881308852e+00
21.7 9.352705089377872e-04 6.757073631741493e+00
21.8 9.358746745401770e-04 6.705297182978661e+00
21.9 9.367377296543591e-04 6.625854005352123e+00
22 9.394943403500391e-04 6.532426134796605e+00
22.1 9.454423307011529e-04 6.666917892081753e+00
22.2 9.514080713442860e-04 6.837797556001430e+00
22.3 9.545433330847469e-04 6.868765991427932e+00
22.4 9.563877034448457e-04 6.867403834312214e+00
22.5 9.576245515399666e-04 6.857412263357348e+00
22.6 9.585200151255246e-04 6.840810666770022e+00
22.7 9.592211969239295e-04 6.817842169684104e+00
22.8 9.598178466786177e-04 6.787912548529341e+00
22.9 9.603775460180463e-04 6.748771074622409e+00
23 9.609877732132548e-04 6.694729527889480e+00
23.1 9.619335992117025e-04 6.611152880534418e+00
23.2 9.650607391683435e-04 6.537352296209857e+00
23.3 9.709376184320823e-04 6.686060959676477e+00
23.4 9.766076204112163e-04 6.844786678650109e+00
23.5 9.795809974356138e-04 6.871784798293703e+00
23.6 9.813678835070222e-04 6.869086420934879e+00
23.7 9.825840509821849e-04 6.858734721134636e+00
23.8 9.834718413707386e-04 6.842446268402371e+00
23.9 9.841683415752209e-04 6.820228559210268e+00
24 9.847589963090332e-04 6.791500034537906e+00
24.1 9.853075262846063e-04 6.754314864316593e+00
24.2 9.858905103559570e-04 6.703912536571718e+00
24.3 9.867200246811982e-04 6.628445709950689e+00
24.4 9.891439325853447e-04 6.537581531115876e+00
24.5 9.944893679017120e-04 6.642377442972839e+00
24.6 1.000449902977945e-03 6.827306900437229e+00
24.7 1.003896975498686e-03 6.872621348265080e+00
24.8 1.005879324248688e-03 6.873063141999525e+00
24.9 1.007211903292467e-03 6.864020077728457e+00
25 1.008173986976672e-03 6.849657620340193e+00
25.1 1.008914507232401e-03 6.829872686277586e+00
25.2 1.009526203192624e-03 6.804262456577888e+00
25.3 1.010073349998357e-03 6.771563059680322e+00
25.4 1.010617226261754e-03 6.728682145279449e+00
25.5 1.011270766075111e-03 6.668322006822312e+00
25.6 1.012550292259938e-03 6.576014403806237e+00
25.7 1.016464673627492e-03 6.563108322006047e+00
25.8 1.022209529707680e-03 6.733771130727140e+00
25.9 1.027171546643675e-03 6.860238628795945e+00
26 1.029773813906475e-03 6.877744905397298e+00
26.1 1.031413998436188e-03 6.872104221080368e+00
26.2 1.032565960777735e-03 6.860671499813844e+00
26.3 1.033424005953996e-03 6.844526987455290e+00
26.4 1.034103292129882e-03 6.823273538798968e+00
26.5 1.034679118175755e-03 6.796261149306247e+00
26.6 1.035208098678738e-03 6.761899225588436e+00
26.7 1.035752962471314e-03 6.716578518080615e+00
26.8 1.036454104544445e-03 6.651927676014561e+00
26.9 1.038041632057411e-03 6.558802479132978e+00
27 1.042298396011284e-03 6.584567025656932e+00
27.1 1.047967741858781e-03 6.761456353452219e+00
27.2 1.052508947135872e-03 6.867925192324479e+00
27.3 1.054917590344892e-03 6.880459576459761e+00
27.4 1.056474639575089e-03 6.873330443245059e+00
27.5 1.057585984257553e-03 6.861267004924434e+00
27.6 1.058423098537704e-03 6.845017125594947e+00
27.7 1.059090138463620e-03 6.824027278516654e+00
27.8 1.059656931580503e-03 6.797594431214875e+00
27.9 1.060176686090660e-03 6.764223851097248e+00
28 1.060707425591715e-03 6.720662171463472e+00
28.1 1.061370893331510e-03 6.659603499047013e+00
28.2 1.062737020835821e-03 6.570567381555438e+00
28.3 1.066518021405926e-03 6.568793442294088e+00
28.4 1.071919444948625e-03 6.729744345288399e+00
28.5 1.076819243476941e-03 6.861857147334714e+00
28.6 1.079458458534391e-03 6.883503204481562e+00
28.7 1.081121359788154e-03 6.877774749369693e+00
28.8 1.082301728556581e-03 6.866205357027066e+00
28.9 1.083187088943474e-03 6.851091264264609e+00
29 1.083884963639676e-03 6.831786676895386e+00
29.1 1.084467724185031e-03 6.807613394365235e+00
29.2 1.084988393193121e-03 6.777440752111335e+00
29.3 1.085496852067936e-03 6.738933765039143e+00
29.4 1.086072702322258e-03 6.687093585280222e+00
29.5 1.086981472979006e-03 6.611439708704161e+00
29.6 1.089508712175550e-03 6.545052225574977e+00
29.7 1.094222991656337e-03 6.644134025830933e+00
29.8 1.099673569377269e-03 6.820972741820080e+00
29.9 1.103237996711957e-03 6.881623689930875e+00
30 1.105272391525501e-03 6.884872728198029e+00
30.1 1.106656427687390e-03 6.874969812952760e+00
30.2 1.107676447674555e-03 6.861621241675040e+00
30.3 1.108462968648847e-03 6.844936249253656e+00
30.4 1.109099597522031e-03 6.824140773483482e+00
30.5 1.109645279803751e-03 6.798427764881174e+00
30.6 1.110146721583082e-03 6.766399990104126e+00
30.7 1.110655026843984e-03 6.725254827857190e+00
30.8 1.111270333546949e-03 6.669054775894907e+00
30.9 1.112393506865895e-03 6.588083408539167e+00
31 1.115456148941327e-03 6.554528300690683e+00
31.1 1.120306851292055e-03 6.681208133225038e+00
31.2 1.125512190235932e-03 6.844451154583881e+00
31.3 1.128612510372388e-03 6.887201256333853e+00
31.4 1.130473663901816e-03 6.886426994866727e+00
31.5 1.131771741627240e-03 6.875303106717604e+00
31.6 1.132743452590955e-03 6.861338027631636e+00
31.7 1.133501680582904e-03 6.844361604961438e+00
31.8 1.134120828471556e-03 6.823529981531312e+00
31.9 1.134654694290295e-03 6.797991964211205e+00
32 1.135146962661144e-03 6.766368356656859e+00
32.1 1.135646194300880e-03 6.725991118982769e+00
32.2 1.136246595822725e-03 6.671353941653963e+00
32.3 1.137306682362817e-03 6.593510332476037e+00
32.4 1.140125276933363e-03 6.552596440303139e+00
32.5 1.144728741970903e-03 6.664663263002587e+00
32.6 1.149920468510104e-03 6.834032300475052e+00
32.7 1.153237206571737e-03 6.887825671169889e+00
32.8 1.155188125332727e-03 6.890482120378685e+00
32.9 1.156533632029058e-03 6.879651638947674e+00
33 1.157540505243618e-03 6.865828162365301e+00
33.1 1.158325582935663e-03 6.849552198357493e+00
33.2 1.158962819213817e-03 6.829916929566432e+00
33.3 1.159505924040645e-03 6.806075003251655e+00
33.4 1.159997332727223e-03 6.776878148295130e+00
33.5 1.160479445536197e-03 6.740256880630405e+00
33.6 1.161019935314485e-03 6.692121388940937e+00
33.7 1.161820430419683e-03 6.624550515664300e+00
33.8 1.163772369204784e-03 6.552742425368114e+00
33.9 1.167694086189084e-03 6.605718912177711e+00
34 1.172672193631972e-03 6.764744837312879e+00
34.1 1.176967121376145e-03 6.876219192049541e+00
34.2 1.179352108449081e-03 6.895256501751607e+00
34.3 1.180903836657815e-03 6.888011402580986e+00
34.4 1.182037833564192e-03 6.874852344004906e+00
34.5 1.182912394792285e-03 6.859751669834850e+00
34.6 1.183611141329990e-03 6.842107034736431e+00
34.7 1.184192566977163e-03 6.820997422088049e+00
34.8 1.184701190640006e-03 6.795502164577320e+00
34.9 1.185175328883483e-03 6.764239738469729e+00
35 1.185659986009055e-03 6.724687735455232e+00
35.1 1.186243986879852e-03 6.671881482842571e+00
35.2 1.187246616093242e-03 6.598467118403565e+00
35.3 1.189765726482662e-03 6.553226574870111e+00
35.4 1.193968773257767e-03 6.644850207727617e+00
35.5 1.198920826224176e-03 6.808014531415040e+00
35.6 1.202612700756504e-03 6.887653899629224e+00
35.7 1.204709943035140e-03 6.897690194501807e+00
35.8 1.206126453159051e-03 6.888004827123816e+00
35.9 1.207183956278416e-03 6.874030433466593e+00
36 1.208011087737348e-03 6.858413712086580e+00
36.1 1.208679690350097e-03 6.840405743842879e+00
36.2 1.209241559196655e-03 6.819070373149120e+00
36.3 1.209737174636127e-03 6.793459567386848e+00
36.4 1.210202586853429e-03 6.762175734228435e+00
36.5 1.210681787399994e-03 6.722720655951207e+00
36.6 1.211263702691897e-03 6.670284922981566e+00
36.7 1.212264198383813e-03 6.598365938364118e+00
36.8 1.214709448802426e-03 6.554558808466910e+00
36.9 1.218762329654000e-03 6.640479625837870e+00
37 1.223592169554050e-03 6.799703907390766e+00
37.1 1.227374919048676e-03 6.887480590211650e+00
37.2 1.229522040640341e-03 6.900828353053294e+00
37.3 1.230961459732045e-03 6.891941319777566e+00
37.4 1.232034151204573e-03 6.877825761972477e+00
37.5 1.232875346756965e-03 6.862262887503037e+00
37.6 1.233555888415411e-03 6.844748631230157e+00
37.7 1.234125883435697e-03 6.824310693724665e+00
37.8 1.234624633347199e-03 6.800025104606831e+00
37.9 1.235086263498303e-03 6.770674933822674e+00
38 1.235549020249185e-03 6.734212192999482e+00
38.1 1.236079846979742e-03 6.686824473615459e+00
38.2 1.236879563113761e-03 6.622100512214483e+00
38.3 1.238714505439858e-03 6.557721909542989e+00
38.4 1.242220355355405e-03 6.598998896061365e+00
38.5 1.246771926208935e-03 6.741020570731445e+00
38.6 1.251179999716415e-03 6.870880307341205e+00
38.7 1.253753183166389e-03 6.902478085818249e+00
38.8 1.255391758143807e-03 6.899562669198170e+00
38.9 1.256575012172968e-03 6.886395301463383e+00
39 1.257492677224099e-03 6.871136023814163e+00
39.1 1.258229688280544e-03 6.854573212652254e+00
39.2 1.258839274077990e-03 6.835791559341446e+00
39.3 1.259362168084287e-03 6.813852726306647e+00
39.4 1.259832074972188e-03 6.787759926776721e+00
39.5 1.260281530888459e-03 6.756056447526513e+00
39.6 1.260754255061475e-03 6.716212985414085e+00
39.7 1.261345163443937e-03 6.663581143880707e+00
39.8 1.262389516529752e-03 6.593863068746418e+00
39.9 1.264800892855947e-03 6.558317378253694e+00
40 1.268645702718933e-03 6.640665346289552e+00
40.1 1.273255267792767e-03 6.792949187695193e+00
40.2 1.277068116234673e-03 6.888376615902133e+00
40.3 1.279256372092963e-03 6.906427966122842e+00
40.4 1.280714037405423e-03 6.899148031140231e+00
40.5 1.281797605416641e-03 6.884815383568867e+00
40.6 1.282652177533041e-03 6.869049897098224e+00
40.7 1.283347124901925e-03 6.852043772803785e+00
40.8 1.283928468789129e-03 6.832849626019474e+00
40.9 1.284432472815263e-03 6.810535125463144e+00
41 1.284890113740360e-03 6.784078012755930e+00
41.1 1.285332757051805e-03 6.751977483793538e+00
41.2 1.285805047767943e-03 6.711652321962240e+00
41.3 1.286408358250021e-03 6.658492977873262e+00
41.4 1.287500315358078e-03 6.589845830207301e+00
41.5 1.289939548725243e-03 6.560943672538003e+00
41.6 1.293720430102490e-03 6.644712849110118e+00
41.7 1.298235893894854e-03 6.794343281579202e+00
41.8 1.302001973917812e-03 6.889818357656710e+00
41.9 1.304179763170539e-03 6.909033333132634e+00
42 1.305632114321232e-03 6.902373222792191e+00
42.1 1.306711897721029e-03 6.887971712222819e+00
42.2 1.307566049589742e-03 6.872027525337944e+00
42.3 1.308263189815937e-03 6.855099772625692e+00
42.4 1.308847195093347e-03 6.836305953546788e+00
42.5 1.309352542370271e-03 6.814706487673603e+00
42.6 1.309808711606852e-03 6.789327248272184e+00
42.7 1.310244769073474e-03 6.758832192900432e+00
42.8 1.310699290775102e-03 6.721019492610679e+00
42.9 1.311251037844322e-03 6.672012221875738e+00
43 1.312151175708818e-03 6.607483842784239e+00
43.1 1.314142656598424e-03 6.559441644063345e+00
43.2 1.317521506082817e-03 6.611987132947304e+00
43.3 1.321802181260196e-03 6.747836862809494e+00
43.4 1.326005448409595e-03 6.874522880114712e+00
43.5 1.328529421475928e-03 6.909229916841778e+00
43.6 1.330150553961029e-03 6.908919487371912e+00
43.7 1.331320473755403e-03 6.896033297969725e+00
43.8 1.332233673335680e-03 6.880181004356407e+00
43.9 1.332975480125995e-03 6.863574088393028e+00
44 1.333593210853720e-03 6.845700063351305e+00
44.1 1.334121766184512e-03 6.825612240283024e+00
44.2 1.334590313452664e-03 6.802389139052099e+00
44.3 1.335025699714018e-03 6.774944880945872e+00
44.4 1.335458379187237e-03 6.741655199657751e+00
44.5 1.335937801014711e-03 6.699767629312800e+00
44.6 1.336588140281316e-03 6.644805245412896e+00
44.7 1.337835909301483e-03 6.579699487700359e+00
44.8 1.340393720492529e-03 6.569031289877159e+00
44.9 1.344110141445017e-03 6.660205305480289e+00
45 1.348467430981961e-03 6.805933477922091e+00
45.1 1.352037805058448e-03 6.895013592137149e+00
45.2 1.354136270030893e-03 6.914126883844927e+00
45.3 1.355549655705216e-03 6.908025243487428e+00
45.4 1.356605078380121e-03 6.893488697134720e+00
45.5 1.357445673734418e-03 6.877153883317978e+00
45.6 1.358137519835652e-03 6.860172914223424e+00
45.7 1.358720278118045e-03 6.841856781946046e+00
45.8 1.359224622933450e-03 6.821277053637883e+00
45.9 1.359676998113184e-03 6.797511837910353e+00
46 1.360102864333960e-03 6.769432872598696e+00
46.1 1.360533095441185e-03 6.735333046698823e+00
46.2 1.361021589805847e-03 6.692345092187354e+00
46.3 1.361710908135177e-03 6.636202481869054e+00
46.4 1.363070683507921e-03 6.574464957740288e+00
46.5 1.365709268203138e-03 6.575215748162242e+00
46.6 1.369418551298354e-03 6.671652531720968e+00
46.7 1.373707785714305e-03 6.815765447725470e+00
46.8 1.377132487511123e-03 6.898677176285768e+00
46.9 1.379166092056873e-03 6.916653776002001e+00
47 1.380547043684103e-03 6.910446431425850e+00
47.1 1.381582736915727e-03 6.895806937758133e+00
47.2 1.382410966917711e-03 6.879282974872611e+00
47.3 1.383095744579991e-03 6.862214611819092e+00
47.4 1.383674656989252e-03 6.844017626274068e+00
47.5 1.384176468858491e-03 6.823784308315550e+00
47.6 1.384626095954798e-03 6.800609909686663e+00
47.7 1.385047472797548e-03 6.773431816724931e+00
47.8 1.385468872069623e-03 6.740704679468581e+00
47.9 1.385937021428391e-03 6.699900225320199e+00
48 1.386566588830348e-03 6.647132311185398e+00
48.1 1.387727173517671e-03 6.585090418761119e+00
48.2 1.390048944622083e-03 6.567835242649863e+00
48.3 1.393474356387939e-03 6.643890911507881e+00
48.4 1.397604709620828e-03 6.780480254909918e+00
48.5 1.401393222025234e-03 6.888262301033835e+00
48.6 1.403664508877837e-03 6.917295431980533e+00
48.7 1.405167574112349e-03 6.916208385847604e+00
48.8 1.406269175405636e-03 6.903128120230024e+00
48.9 1.407139157891588e-03 6.886734091448778e+00
49 1.407855468438832e-03 6.869721823283554e+00
49.1 1.408459313755494e-03 6.852001805106371e+00
49.2 1.408979559850489e-03 6.832740560432796e+00
49.3 1.409440484582745e-03 6.811051822658373e+00
49.4 1.409864565063971e-03 6.785989959419918e+00
49.5 1.410275980767089e-03 6.756309806898498e+00
49.6 1.410708892961866e-03 6.720087357216213e+00
49.7 1.411232737642758e-03 6.674210834923020e+00
49.8 1.412048470828339e-03 6.615821421419378e+00
49.9 1.413700491281395e-03 6.566875728661118e+00
50 1.416522958210248e-03 6.593814538746217e+00
50.1 1.420251933692164e-03 6.702150169352238e+00
50.2 1.424411906880228e-03 6.842397030635865e+00
50.3 1.427449113682655e-03 6.907518067513802e+00
50.4 1.429316197289472e-03 6.921579212963307e+00
50.5 1.430611443977868e-03 6.914450644221998e+00
50.6 1.431595241237298e-03 6.899480079480940e+00
50.7 1.432389671169091e-03 6.882608437912651e+00
50.8 1.433052892631338e-03 6.865319637792021e+00
50.9 1.433618310161891e-03 6.847206622414847e+00
51 1.434111015844380e-03 6.827424157328513e+00
51.1 1.434552944306269e-03 6.805100770567973e+00
51.2 1.434965303400306e-03 6.779263467694507e+00
51.3 1.435372502084860e-03 6.748587904594849e+00
51.4 1.435812065256606e-03 6.711014453827021e+00
51.5 1.436366309514153e-03 6.663356569518984e+00
51.6 1.437279467558251e-03 6.604564446657697e+00
51.7 1.439104450973520e-03 6.566037288589562e+00
51.8 1.442024771315725e-03 6.606972719197509e+00
51.9 1.445773664972228e-03 6.721241905036588e+00
52 1.449864828253475e-03 6.858628600581604e+00
52.1 1.452658854878436e-03 6.912355221913456e+00
52.2 1.454430217075528e-03 6.923884479689994e+00
52.3 1.455674701857051e-03 6.916010164514086e+00
52.4 1.456627573930666e-03 6.900809642851608e+00
52.5 1.457401437317338e-03 6.883780056307621e+00
52.6 1.458050806217481e-03 6.866376566915473e+00
52.7 1.458606953104376e-03 6.848253986471928e+00
52.8 1.459093237981002e-03 6.828603020344496e+00
52.9 1.459530180436054e-03 6.806570726305635e+00
53 1.459937758907449e-03 6.781216308602279e+00
53.1 1.460338896600574e-03 6.751291132212142e+00
53.2 1.460768100372692e-03 6.714897100491774e+00
53.3 1.461298147952853e-03 6.669124281696691e+00
53.4 1.462136058719032e-03 6.612351893532977e+00
53.5 1.463780045961882e-03 6.568601745520840e+00
53.6 1.466487633485618e-03 6.595898787740420e+00
53.7 1.470046415052363e-03 6.698363689734617e+00
53.8 1.474056684936474e-03 6.834234162211407e+00
53.9 1.477166881178981e-03 6.907383861467014e+00
54 1.479077214961779e-03 6.925772839591733e+00
54.1 1.480396725762083e-03 6.921308513811847e+00
54.2 1.481391199652375e-03 6.907284369871984e+00
54.3 1.482191289082931e-03 6.890390233022838e+00
54.4 1.482860486790707e-03 6.872973179605843e+00
54.5 1.483432814827104e-03 6.855110048816625e+00
54.6 1.483931618640975e-03 6.836105367345250e+00
54.7 1.484376638010488e-03 6.815134493917045e+00
54.8 1.484786572948695e-03 6.791326492719858e+00
54.9 1.485181609854919e-03 6.763612645458039e+00
55 1.485589006494533e-03 6.730457481036161e+00
55.1 1.486058784965622e-03 6.689497626139899e+00
55.2 1.486717033518730e-03 6.637927287138346e+00
55.3 1.487918220083892e-03 6.583263751229364e+00
55.4 1.490107768722196e-03 6.573844711268285e+00
55.5 1.493228685692017e-03 6.642539183149506e+00
55.6 1.497017077587387e-03 6.766771113149199e+00
55.7 1.500778432747785e-03 6.883489832489802e+00
55.8 1.503150402478879e-03 6.921952199497484e+00
55.9 1.504719354809164e-03 6.927871113197818e+00
56 1.505853000354029e-03 6.918159026132288e+00
56.1 1.506737350634477e-03 6.902404919141913e+00
56.2 1.507464888323372e-03 6.885090884714947e+00
56.3 1.508081996924502e-03 6.867473473107276e+00
56.4 1.508615637566435e-03 6.849272742883050e+00
56.5 1.509085947675476e-03 6.829748410753166e+00
56.6 1.509510836172324e-03 6.808088336038305e+00
56.7 1.509908079526105e-03 6.783402419759456e+00
56.8 1.510298241661529e-03 6.754549322755079e+00
56.9 1.510711705363462e-03 6.719859316411047e+00
57 1.511209363598643e-03 6.676842732809998e+00
57.1 1.511952765345915e-03 6.623623626715889e+00
57.2 1.513345922060329e-03 6.575541697613090e+00
57.3 1.515713291818850e-03 6.583628853618173e+00
57.4 1.518934265628302e-03 6.665337110986342e+00
57.5 1.522732151010223e-03 6.792774019177186e+00
57.6 1.526245266651485e-03 6.894693840074552e+00
57.7 1.528420832974990e-03 6.926371703691014e+00
57.8 1.529887828739193e-03 6.929422459343796e+00
57.9 1.530963813221821e-03 6.918709661653166e+00
58 1.531811845600011e-03 6.902655051848994e+00
58.1 1.532514435663492e-03 6.885215460920795e+00
58.2 1.533113742012250e-03 6.867502769827318e+00
58.3 1.533634591188667e-03 6.849244218432601e+00
58.4 1.534095637318440e-03 6.829729650335155e+00
58.5 1.534513610176143e-03 6.808168095532395e+00
58.6 1.534905318506032e-03 6.783690180079886e+00
58.7 1.535290400116551e-03 6.755192312269060e+00
58.8 1.535697877085796e-03 6.721084492085728e+00
58.9 1.536185114183640e-03 6.679034916082615e+00
59 1.536900326265851e-03 6.627240809922631e+00
59.1 1.538212252937011e-03 6.578772128668327e+00
59.2 1.540450828673677e-03 6.580824491457995e+00
59.3 1.543530564445914e-03 6.654297601102932e+00
59.4 1.547217058763112e-03 6.776553140864918e+00
59.5 1.550833782002223e-03 6.887972383985634e+00
59.6 1.553126415391637e-03 6.925566447743638e+00
59.7 1.554661099227998e-03 6.932347357459348e+00
59.8 1.555775093895232e-03 6.923574653712895e+00
59.9 1.556644622323637e-03 6.908222274852216e+00
60 1.557360870275256e-03 6.890868471953837e+00
