0.1 1.118395525349138e-04 6.675151413629933e+00
0.2 1.613190647711717e-04 6.935069226399722e+00
0.3 1.870715246307262e-04 6.799332471962597e+00
0.4 2.123697110521907e-04 6.757062153820213e+00
0.5 2.374222865575540e-04 6.777759344190716e+00
0.6 2.622760561505900e-04 6.845821409294366e+00
0.7 2.870137098127606e-04 6.944359555378903e+00
0.8 3.114784045114614e-04 7.078010550645910e+00
0.9 3.156404133093719e-04 6.601408286958364e+00
1 3.374661748408272e-04 6.860191754752705e+00
1.1 3.617996273311757e-04 7.047844694098595e+00
1.2 3.651587129745126e-04 6.634714779510439e+00
1.3 3.873105026828607e-04 6.932045773335907e+00
1.4 4.110854686679324e-04 7.175024940085545e+00
1.5 4.126601196099640e-04 6.858390096620444e+00
1.6 4.366344224277583e-04 7.111067129953178e+00
1.7 4.379322200614879e-04 6.817711352168479e+00
1.8 4.617801263899492e-04 7.092895630953004e+00
1.9 4.630167897456920e-04 6.814408975359779e+00
2 4.867473484560362e-04 7.106577817189036e+00
2.1 4.878825460176470e-04 6.846083081426713e+00
2.2 5.115319536618324e-04 7.148584939435592e+00
2.3 5.126464687058579e-04 6.901748730247881e+00
2.4 5.359156975118345e-04 7.222310065128530e+00
2.5 5.373829401485767e-04 6.973008971108555e+00
2.6 5.554335803263548e-04 7.233667241372824e+00
2.7 5.620665177829365e-04 7.058915923185271e+00
2.8 5.631678173085278e-04 6.825749089234749e+00
2.9 5.864973740915760e-04 7.168787191817208e+00
3 5.875204076516975e-04 6.952814847821459e+00
3.1 6.080097838412626e-04 7.299866105431693e+00
3.2 6.120394283157570e-04 7.076017129109081e+00
3.3 6.129723257090391e-04 6.867903974868256e+00
3.4 6.360149595427129e-04 7.229454139384197e+00
3.5 6.372996557186202e-04 7.018777855858984e+00
3.6 6.385959018106145e-04 6.797554067348447e+00
3.7 6.615182418573198e-04 7.177382522130396e+00
3.8 6.624550735598765e-04 6.985649189371930e+00
3.9 6.644998643422251e-04 6.750051049780678e+00
4 6.866871636361324e-04 7.155629128618651e+00
4.1 6.875259890031403e-04 6.973731330588074e+00
4.2 6.900908273950160e-04 6.740454075089784e+00
4.3 7.116996910680645e-04 7.156780867935113e+00
4.4 7.125130094599829e-04 6.981398650982801e+00
4.5 7.144478022709902e-04 6.761810600005894e+00
4.6 7.365772448050874e-04 7.178119682744912e+00
4.7 7.374249891632384e-04 7.006489453882443e+00
4.8 7.386617660945494e-04 6.811904142846943e+00
4.9 7.612567420450996e-04 7.219740421414334e+00
5 7.622722825486729e-04 7.046832605332900e+00
5.1 7.631240388657782e-04 6.875263093289069e+00
5.2 7.854072196291282e-04 7.283632225350488e+00
5.3 7.870437065035817e-04 7.101663050320796e+00
5.4 7.877414146432028e-04 6.944299770645880e+00
5.5 7.948811550322880e-04 6.845782448766021e+00
5.6 8.116592440675292e-04 7.173462194991607e+00
5.7 8.124199920834444e-04 7.018780501185186e+00
5.8 8.133992684902645e-04 6.849247554434560e+00
5.9 8.357123375889393e-04 7.269986312549698e+00
6 8.370663952708062e-04 7.102358065678921e+00
6.1 8.377263900580723e-04 6.954704196273882e+00
6.2 8.405087668947404e-04 6.761106702282594e+00
6.3 8.614638093052102e-04 7.204115462221612e+00
6.4 8.622926560271344e-04 7.054670559493099e+00
6.5 8.630223837885220e-04 6.905568893440354e+00
6.6 8.835933006549941e-04 7.322134328406035e+00
6.7 8.867524185066681e-04 7.165095215728211e+00
6.8 8.874345100893553e-04 7.024708923009078e+00
6.9 8.882895513359335e-04 6.872396759489174e+00
7 9.100129027722399e-04 7.305677254930249e+00
7.1 9.118776258238369e-04 7.145755460506761e+00
7.2 9.125092212031428e-04 7.010583349815795e+00
7.3 9.134492324448880e-04 6.857909430583103e+00
7.4 9.352860606716268e-04 7.296861868625574e+00
7.5 9.369053035054246e-04 7.142631408838040e+00
7.6 9.375182692565664e-04 7.011301136465391e+00
7.7 9.384279104586976e-04 6.863227851910891e+00
7.8 9.600852259243079e-04 7.305294622132175e+00
7.9 9.618503020033702e-04 7.154091518933462e+00
8 9.624651110618418e-04 7.025742928578124e+00
8.1 9.632526153628064e-04 6.886199801813023e+00
8.2 9.841172285030919e-04 7.324239406426400e+00
8.3 9.867013672638075e-04 7.179583949252507e+00
8.4 9.873560837259513e-04 7.052633006206722e+00
8.5 9.880109923348125e-04 6.922674475711564e+00
8.6 9.977679522084431e-04 6.977024766967057e+00
8.7 1.011404900969672e-03 7.219710405337421e+00
8.8 1.012191428048886e-03 7.091054803811051e+00
8.9 1.012759793445342e-03 6.968903474800582e+00
9 1.014188960715172e-03 6.815517215289985e+00
9.1 1.035756691467153e-03 7.276307026338953e+00
9.2 1.036949116612244e-03 7.141200302869959e+00
9.3 1.037509407045771e-03 7.022940024194282e+00
9.4 1.038262068385248e-03 6.893239605056258e+00
9.5 1.058040376751344e-03 7.323326199999959e+00
9.6 1.061542259980951e-03 7.205383312225990e+00
9.7 1.062236552536811e-03 7.084970185710933e+00
9.8 1.062788829672514e-03 6.968271825238061e+00
9.9 1.064151664534144e-03 6.822644651990294e+00
10 1.085575906955658e-03 7.288239733455271e+00
10.1 1.086871394201097e-03 7.157680772552567e+00
10.2 1.087430365384298e-03 7.044357312730636e+00
10.3 1.088060327078056e-03 6.925353483649178e+00
10.4 1.092541561719497e-03 6.809621263669976e+00
10.5 1.111168428470881e-03 7.247559772593458e+00
10.6 1.112047753640170e-03 7.126860769681167e+00
10.7 1.112566220824439e-03 7.017015025113079e+00
10.8 1.113308511509254e-03 6.895011833691122e+00
10.9 1.131974913559935e-03 7.307551633048926e+00
11 1.136408125489514e-03 7.224286837577972e+00
11.1 1.137140678076282e-03 7.109793372735581e+00
11.2 1.137647475779535e-03 7.002220560717130e+00
11.3 1.138477868284825e-03 6.879043694751235e+00
11.4 1.158516489179766e-03 7.328326174355576e+00
11.5 1.161489077199647e-03 7.215760284883347e+00
11.6 1.162171258698990e-03 7.104937736908500e+00
11.7 1.162670329809120e-03 6.999590800207223e+00
11.8 1.163506438361838e-03 6.878466806444491e+00
11.9 1.183407701086349e-03 7.328119134971368e+00
12 1.186457258450368e-03 7.220303633155007e+00
12.1 1.187146153996820e-03 7.111373109831016e+00
12.2 1.187635189797687e-03 7.008489939361290e+00
12.3 1.188390038585145e-03 6.892483794276957e+00
12.4 1.206436272464726e-03 7.296444912782712e+00
12.5 1.211307035048759e-03 7.237249539368089e+00
12.6 1.212065276508064e-03 7.128486969124415e+00
12.7 1.212548809575777e-03 7.027951555899494e+00
12.8 1.213185940934687e-03 6.918768467659870e+00
12.9 1.217566670269542e-03 6.820565708701321e+00
13 1.235974563033421e-03 7.266681526550867e+00
13.1 1.236919467408893e-03 7.156038550950655e+00
13.2 1.237418768538913e-03 7.056971647484416e+00
13.3 1.237952552765909e-03 6.954556664858927e+00
13.4 1.239402414163031e-03 6.827041878437214e+00
13.5 1.260205796338988e-03 7.307823767033403e+00
13.6 1.261677908628567e-03 7.194443903827249e+00
13.7 1.262245061956831e-03 7.094931608514107e+00
13.8 1.262716867421792e-03 6.997738701676275e+00
13.9 1.263510242507844e-03 6.886306410159925e+00
14 1.281680607127987e-03 7.303049913746870e+00
14.1 1.286243817019268e-03 7.245176707441709e+00
14.2 1.287009256393638e-03 7.142063764823246e+00
14.3 1.287477933219893e-03 7.047400711058319e+00
14.4 1.288019016498950e-03 6.947880234642144e+00
14.5 1.289593134472001e-03 6.824133611078858e+00
14.6 1.310196591991681e-03 7.308756019534291e+00
14.7 1.311647443144387e-03 7.200028541655594e+00
14.8 1.312212101398049e-03 7.103995983076846e+00
14.9 1.312664913285499e-03 7.010969969195172e+00
15 1.313345219604771e-03 6.907123550752121e+00
15.1 1.320111020626019e-03 6.899103344269157e+00
15.2 1.335922329081003e-03 7.272226041980708e+00
15.3 1.336858124145799e-03 7.169632099695470e+00
15.4 1.337346002636628e-03 7.077618864289352e+00
15.5 1.337813101528906e-03 6.984984797205823e+00
15.6 1.338679698287304e-03 6.876896888820976e+00
15.7 1.357389460755394e-03 7.317608347106576e+00
15.8 1.361219259137935e-03 7.248867410413236e+00
15.9 1.361972053368899e-03 7.151297897525972e+00
16 1.362428001883731e-03 7.061791527739222e+00
16.1 1.362913197452398e-03 6.969546484965720e+00
16.2 1.363950219479490e-03 6.859292773104141e+00
16.3 1.383768954554084e-03 7.330682641392427e+00
16.4 1.386337481851196e-03 7.237956227182313e+00
16.5 1.387020288552988e-03 7.143554218422524e+00
16.6 1.387462445219272e-03 7.055909028866644e+00
16.7 1.387952694688040e-03 6.964773076930313e+00
16.8 1.389044876235645e-03 6.855358221073820e+00
16.9 1.408907998693609e-03 7.330628706039125e+00
17 1.411338906900303e-03 7.238232691400261e+00
17.1 1.412013403029919e-03 7.145567064730944e+00
17.2 1.412450864949594e-03 7.059485887063166e+00
17.3 1.412927093735190e-03 6.970379600116225e+00
17.4 1.413919923803694e-03 6.864627404758828e+00
17.5 1.433199866197233e-03 7.328302378733500e+00
17.6 1.436230353559008e-03 7.249021805667573e+00
17.7 1.436952799152237e-03 7.156833484416197e+00
17.8 1.437395315225499e-03 7.071994526380717e+00
17.9 1.437844255758400e-03 6.985574802845006e+00
18 1.438654823943679e-03 6.885702080110263e+00
18.1 1.454547095675136e-03 7.245058629203349e+00
18.2 1.460974212120005e-03 7.270132583662702e+00
18.3 1.461831290249032e-03 7.177144852780669e+00
18.4 1.462297337879236e-03 7.092922585945869e+00
18.5 1.462718711122416e-03 7.009284035097000e+00
18.6 1.463352283415863e-03 6.916289821360943e+00
18.7 1.466433537129885e-03 6.820787305186425e+00
18.8 1.485430863955561e-03 7.301085062607244e+00
18.9 1.486625768241773e-03 7.206694294843536e+00
19 1.487153948947511e-03 7.121950987394273e+00
19.1 1.487562335423294e-03 7.040508355070376e+00
19.2 1.488064456621647e-03 6.953965610566873e+00
19.3 1.489277519172650e-03 6.850030369575989e+00
19.4 1.508915291135852e-03 7.330822619741770e+00
19.5 1.511270944640890e-03 7.246244864498822e+00
19.6 1.511950109549109e-03 7.159213602730856e+00
19.7 1.512377556047548e-03 7.078663759582496e+00
19.8 1.512800915105929e-03 6.997109688399038e+00
19.9 1.513490707128796e-03 6.905016958810108e+00
20 1.518238479442128e-03 6.855140592300865e+00
20.1 1.535541942853497e-03 7.296311754988661e+00
20.2 1.536640720791983e-03 7.205609586446976e+00
20.3 1.537151961312925e-03 7.123846010561488e+00
20.4 1.537550138898314e-03 7.045150421110724e+00
20.5 1.538027572765284e-03 6.962063344268268e+00
20.6 1.539065304431676e-03 6.863735845417743e+00
20.7 1.557732144945906e-03 7.323300220592881e+00
20.8 1.561081833989474e-03 7.262992837213561e+00
20.9 1.561845086990513e-03 7.177146493907226e+00
21 1.562286885169818e-03 7.098543911651958e+00
21.1 1.562683909625305e-03 7.020634782641920e+00
21.2 1.563234472219096e-03 6.935729273345567e+00
21.3 1.564867910303862e-03 6.834900207335313e+00
21.4 1.584505019357035e-03 7.326372897695150e+00
21.5 1.586333949479930e-03 7.241040860147405e+00
21.6 1.586962208857413e-03 7.158900512120484e+00
21.7 1.587373033791500e-03 7.082315946731532e+00
21.8 1.587777177834847e-03 7.004942142984513e+00
21.9 1.588395123822475e-03 6.918896217101524e+00
22 1.590868507719275e-03 6.825772056071418e+00
22.1 1.610025921507375e-03 7.315756871476882e+00
22.2 1.611448735738848e-03 7.229452006476563e+00
22.3 1.612019346154612e-03 7.149746895553845e+00
22.4 1.612416134748517e-03 7.074632240407934e+00
22.5 1.612823942482250e-03 6.998040268401003e+00
22.6 1.613474846880101e-03 6.912179018271914e+00
22.7 1.616505506559986e-03 6.830051572202395e+00
22.8 1.635145343789390e-03 7.312244198749859e+00
22.9 1.636471460265880e-03 7.227238302556425e+00
23 1.637026754600990e-03 7.149015937610546e+00
23.1 1.637418122884909e-03 7.075107571842506e+00
23.2 1.637820628858641e-03 6.999752408906743e+00
23.3 1.638453662293049e-03 6.915588047503747e+00
23.4 1.641084782294372e-03 6.828821620512868e+00
23.5 1.659980614840958e-03 7.317026183624986e+00
23.6 1.661412429917977e-03 7.233832354148594e+00
23.7 1.661987110456358e-03 7.156283753082064e+00
23.8 1.662380394405035e-03 7.083365143874149e+00
23.9 1.662769584917422e-03 7.009645734394477e+00
24 1.663342800972526e-03 6.928452873389302e+00
24.1 1.665148613994431e-03 6.835138168934822e+00
24.2 1.684416609817867e-03 7.327443524387755e+00
24.3 1.686258787879085e-03 7.249018971376209e+00
24.4 1.686897306722267e-03 7.171313243441820e+00
24.5 1.687303988164751e-03 7.099031503186309e+00
24.6 1.687677930116338e-03 7.027088820796854e+00
24.7 1.688174609293086e-03 6.949604041532738e+00
24.8 1.689341253884944e-03 6.858645601107691e+00
24.9 1.707693641035787e-03 7.322637518228744e+00
25 1.710961609617914e-03 7.272809605782500e+00
25.1 1.711745495225283e-03 7.194099142302007e+00
25.2 1.712187501191219e-03 7.121823824039821e+00
25.3 1.712553182364427e-03 7.051420764330043e+00
25.4 1.712979951529662e-03 6.977711237195798e+00
25.5 1.713753688167851e-03 6.893498823465936e+00
25.6 1.720387178307226e-03 6.926901869734938e+00
25.7 1.735365959149373e-03 7.304524408300463e+00
25.8 1.736500590027964e-03 7.224974298289615e+00
25.9 1.737022808203324e-03 7.151696605379676e+00
26 1.737398470875877e-03 7.082155830636599e+00
26.1 1.737775995930751e-03 7.011661593919943e+00
26.2 1.738321709073920e-03 6.934454272586902e+00
26.3 1.739833262018950e-03 6.845194282577776e+00
26.4 1.758724352643689e-03 7.330615365165338e+00
26.5 1.761077166167592e-03 7.264600342285303e+00
26.6 1.761786153918115e-03 7.189031766823250e+00
26.7 1.762208060622267e-03 7.119180136735398e+00
26.8 1.762565500489028e-03 7.050820428528572e+00
26.9 1.762984511912417e-03 6.979226460227443e+00
27 1.763728264905447e-03 6.897883273588661e+00
27.1 1.768556758837405e-03 6.875050021913261e+00
27.2 1.785162222189250e-03 7.311731860891055e+00
27.3 1.786412486845581e-03 7.234830601529752e+00
27.4 1.786960015478741e-03 7.162954359085283e+00
27.5 1.787338314453400e-03 7.095166202686287e+00
27.6 1.787698184429077e-03 7.027254123195901e+00
27.7 1.788173861183815e-03 6.954313855395267e+00
27.8 1.789205025493400e-03 6.869817640668352e+00
27.9 1.805519323959624e-03 7.275647938790526e+00
28 1.810682127340111e-03 7.290052525876572e+00
28.1 1.811594066210283e-03 7.214759200536617e+00
28.2 1.812067474419363e-03 7.145418415105444e+00
28.3 1.812426286135124e-03 7.078972948879755e+00
28.4 1.812795094897047e-03 7.011334778869482e+00
28.5 1.813325757094318e-03 6.937447598496782e+00
28.6 1.814695787729978e-03 6.852481272742912e+00
28.7 1.833003864606280e-03 7.326015944313987e+00
28.8 1.835912349099059e-03 7.276494199436260e+00
28.9 1.836687526372601e-03 7.203279944325894e+00
29 1.837125941489123e-03 7.135656083515883e+00
29.1 1.837475756145122e-03 7.070236392402525e+00
29.2 1.837850773779576e-03 7.003064520317600e+00
29.3 1.838415065585800e-03 6.929087409005094e+00
29.4 1.840028647867166e-03 6.845906159225749e+00
29.5 1.858573176825983e-03 7.329912351228833e+00
29.6 1.860988353612755e-03 7.271397495804433e+00
29.7 1.861716926958842e-03 7.199650564333061e+00
29.8 1.862142473321749e-03 7.133188528013897e+00
29.9 1.862487710877700e-03 7.068689129172790e+00
30 1.862860997380004e-03 7.002357797245782e+00
30.1 1.863423445312846e-03 6.929334306476543e+00
30.2 1.865008891098723e-03 6.847436204861428e+00
30.3 1.883419205630786e-03 7.329128417189211e+00
30.4 1.885945595436142e-03 7.274366679568895e+00
30.5 1.886689865993496e-03 7.203424226096280e+00
30.6 1.887119577766479e-03 7.137680715971410e+00
30.7 1.887463072825934e-03 7.074051869570786e+00
30.8 1.887826154978732e-03 7.008939029465937e+00
30.9 1.888352035589265e-03 6.937836191168900e+00
31 1.889666593109747e-03 6.856807785285974e+00
31.1 1.907373326536360e-03 7.317230720432342e+00
31.2 1.910773820535868e-03 7.285039555790633e+00
31.3 1.911603617008207e-03 7.214377231794813e+00
31.4 1.912056779794536e-03 7.148892232698680e+00
31.5 1.912403252581404e-03 7.086014005146227e+00
31.6 1.912751372626288e-03 7.022352962129798e+00
31.7 1.913220349050300e-03 6.953857511344594e+00
31.8 1.914206483832242e-03 6.875512139292339e+00
31.9 1.927834754059963e-03 7.192283500128053e+00
32 1.935405633541665e-03 7.302789553782860e+00
32.1 1.936443168954799e-03 7.232492459175910e+00
32.2 1.936949669201912e-03 7.166697778193772e+00
32.3 1.937309001744486e-03 7.104282030883054e+00
32.4 1.937643698439019e-03 7.042061932808267e+00
32.5 1.938053179563865e-03 6.976450617325110e+00
32.6 1.938770730752026e-03 6.902631462297928e+00
32.7 1.942107745410322e-03 6.852526821409009e+00
32.8 1.959603261391156e-03 7.324121953865819e+00
32.9 1.961168837166800e-03 7.257934811014751e+00
33 1.961786142322306e-03 7.191157704316511e+00
33.1 1.962177945673362e-03 7.128672763181507e+00
33.2 1.962508307522415e-03 7.067585552834220e+00
33.3 1.962868950390710e-03 7.004692317619190e+00
33.4 1.963399712275655e-03 6.935924512183425e+00
33.5 1.964722420154669e-03 6.858519523805499e+00
33.6 1.981984736469065e-03 7.310040628530677e+00
33.7 1.985670288913615e-03 7.290612907780776e+00
33.8 1.986536567631435e-03 7.222612152241037e+00
33.9 1.987000431221415e-03 7.159234790320405e+00
34 1.987345099994551e-03 7.098644891408036e+00
34.1 1.987675648532499e-03 7.037902807577276e+00
34.2 1.988087516770058e-03 6.973649809439928e+00
34.3 1.988816726813285e-03 6.901442701575379e+00
34.4 1.992205670362077e-03 6.856018345077588e+00
34.5 2.009520467339844e-03 7.325087024886379e+00
34.6 2.011123084416221e-03 7.261647896261459e+00
34.7 2.011750765325771e-03 7.196391212288523e+00
34.8 2.012144966042043e-03 7.135300806808734e+00
34.9 2.012471001968252e-03 7.075789801721853e+00
35 2.012815486043956e-03 7.014953862734087e+00
35.1 2.013293980767528e-03 6.949222468880139e+00
35.2 2.014316709771221e-03 6.874774568550193e+00
35.3 2.027429973820969e-03 7.179318781096772e+00
35.4 2.035278877834301e-03 7.307282133746320e+00
35.5 2.036361269427996e-03 7.241039640928062e+00
35.6 2.036881933446172e-03 7.178105466727569e+00
35.7 2.037241786897602e-03 7.118546524590077e+00
35.8 2.037561750978238e-03 7.059729969678978e+00
35.9 2.037923757077725e-03 6.998767125140354e+00
36 2.038469671822930e-03 6.931946567645306e+00
36.1 2.039862000366692e-03 6.858122454470232e+00
36.2 2.056933600061486e-03 7.308757009311209e+00
36.3 2.060607730788110e-03 7.293595529772348e+00
36.4 2.061487987810402e-03 7.228254614939116e+00
36.5 2.061956969786270e-03 7.166975661989294e+00
36.6 2.062299671107429e-03 7.108507603833999e+00
36.7 2.062617865306171e-03 7.050283962446230e+00
36.8 2.062992733459350e-03 6.989449253326077e+00
36.9 2.063586639405605e-03 6.922287849831340e+00
37 2.065299589225170e-03 6.851563471867365e+00
37.1 2.082940549877862e-03 7.324170203326373e+00
37.2 2.085737339603540e-03 7.286884802699285e+00
37.3 2.086539919281544e-03 7.222665154260361e+00
37.4 2.086987180981642e-03 7.162507787887415e+00
37.5 2.087322134965316e-03 7.104880417674424e+00
37.6 2.087638442409472e-03 7.047307853710962e+00
37.7 2.088015804574578e-03 6.987015615221949e+00
37.8 2.088620188862282e-03 6.920402677202226e+00
37.9 2.090397524131950e-03 6.851498911763335e+00
38 2.107988641553442e-03 7.324540993033424e+00
38.1 2.110729911586060e-03 7.287233425673736e+00
38.2 2.111530068087366e-03 7.223846403437358e+00
38.3 2.111976934473458e-03 7.164376891688291e+00
38.4 2.112310692766262e-03 7.107421091947929e+00
38.5 2.112623495556423e-03 7.050608334502487e+00
38.6 2.112991424137729e-03 6.991297607764119e+00
38.7 2.113564619705016e-03 6.926086498775450e+00
38.8 2.115102517182278e-03 6.856345930215980e+00
38.9 2.132193894175272e-03 7.313210440072325e+00
39 2.135587999989503e-03 7.294332455625391e+00
39.1 2.136458628691480e-03 7.231559489773741e+00
39.2 2.136926398933477e-03 7.172370487183144e+00
39.3 2.137265956987590e-03 7.115907999219576e+00
39.4 2.137574682447799e-03 7.059920373611336e+00
39.5 2.137924153241874e-03 7.001935574090714e+00
39.6 2.138437053674896e-03 6.938827517191275e+00
39.7 2.139611459528393e-03 6.868890105096266e+00
39.8 2.154173341760525e-03 7.236499481179435e+00
39.9 2.160259565816944e-03 7.307468720463779e+00
40 2.161313310948508e-03 7.245722156447622e+00
40.1 2.161831431094559e-03 7.186382872906065e+00
40.2 2.162187309539936e-03 7.130153208216941e+00
40.3 2.162494531163352e-03 7.074938768521822e+00
40.4 2.162822301210467e-03 7.018443147853874e+00
40.5 2.163265348426614e-03 6.957876564107132e+00
40.6 2.164116198422796e-03 6.890180112933598e+00
40.7 2.169247422233753e-03 6.907751595999079e+00
40.8 2.184561600795765e-03 7.323593051921538e+00
40.9 2.186060079798660e-03 7.266344237570253e+00
41 2.186680791589113e-03 7.206445596682766e+00
41.1 2.187071324450794e-03 7.150050363711178e+00
41.2 2.187384634016696e-03 7.095386463526982e+00
41.3 2.187694027549262e-03 7.040314445314397e+00
41.4 2.188073524575653e-03 6.982384983395074e+00
41.5 2.188689647591748e-03 6.918498054821474e+00
41.6 2.190488500990382e-03 6.854521778646752e+00
41.7 2.207651855372075e-03 7.319921386573515e+00
41.8 2.210608597255476e-03 7.293106841929603e+00
41.9 2.211448249733159e-03 7.232765932395682e+00
42 2.211908495444742e-03 7.175648463353026e+00
42.1 2.212243226186688e-03 7.121102556375178e+00
42.2 2.212544011704059e-03 7.067142470726866e+00
42.3 2.212875225325344e-03 7.011599827702117e+00
42.4 2.213335801336370e-03 6.951802614134263e+00
42.5 2.214254719603220e-03 6.885279151873502e+00
42.6 2.220795313827809e-03 6.955412768171497e+00
42.7 2.234651956949320e-03 7.321934934620996e+00
42.8 2.236068871498116e-03 7.265635356824967e+00
42.9 2.236676001199788e-03 7.207238555057436e+00
43 2.237061737716665e-03 7.152141053556422e+00
43.1 2.237371115704398e-03 7.098727718260703e+00
43.2 2.237673824669442e-03 7.045023620600186e+00
43.3 2.238037584954164e-03 6.988791037099682e+00
43.4 2.238603604605663e-03 6.927215227991796e+00
43.5 2.240042359148321e-03 6.862097124733600e+00
43.6 2.256007781140950e-03 7.287569412520816e+00
43.7 2.260342804029884e-03 7.304078413041324e+00
43.8 2.261317434844550e-03 7.245379343880130e+00
43.9 2.261817842883975e-03 7.188879454388372e+00
44 2.262165651247021e-03 7.135177924374210e+00
44.1 2.262463967525590e-03 7.082506671284867e+00
44.2 2.262774318288681e-03 7.028915329019590e+00
44.3 2.263172621791893e-03 6.972102255615740e+00
44.4 2.263853504064892e-03 6.909331783622949e+00
44.5 2.266123635328313e-03 6.855787987372899e+00
44.6 2.283186093330354e-03 7.325288612674631e+00
44.7 2.285663621988619e-03 7.290139966686580e+00
44.8 2.286455680957752e-03 7.232095630233780e+00
44.9 2.286902752324041e-03 7.177017500495640e+00
45 2.287230844905922e-03 7.124312157346109e+00
45.1 2.287524449942477e-03 7.072217504697724e+00
45.2 2.287842041700901e-03 7.018812483908244e+00
45.3 2.288267223944054e-03 6.961777023223104e+00
45.4 2.289042513777019e-03 6.898656998525248e+00
45.5 2.292320447721044e-03 6.868558601980476e+00
45.6 2.308859773782214e-03 7.327724764218062e+00
45.7 2.310806624872164e-03 7.282400071877709e+00
45.8 2.311520973170023e-03 7.225286973420232e+00
45.9 2.311943311451252e-03 7.171209047061685e+00
46 2.312261892343220e-03 7.119254800813493e+00
46.1 2.312552902563396e-03 7.067708295361990e+00
46.2 2.312873149890903e-03 7.014695199023210e+00
46.3 2.313309053798605e-03 6.957936694876411e+00
46.4 2.314122502877008e-03 6.895228437619950e+00
46.5 2.317877063198067e-03 6.879407072752389e+00
46.6 2.333992230348866e-03 7.327305906957195e+00
46.7 2.335830128263843e-03 7.280960357207054e+00
46.8 2.336527801533669e-03 7.224582553407148e+00
46.9 2.336944812560292e-03 7.171158141572997e+00
47 2.337260768965304e-03 7.119789006621506e+00
47.1 2.337549466070972e-03 7.068822250534179e+00
47.2 2.337865966806653e-03 7.016453391979756e+00
47.3 2.338292732441561e-03 6.960499745772931e+00
47.4 2.339071263424908e-03 6.898788858661341e+00
47.5 2.342276253702214e-03 6.869473418174204e+00
47.6 2.358714556788519e-03 7.327340776779277e+00
47.7 2.360745374025372e-03 7.285609399140784e+00
47.8 2.361479036365348e-03 7.229751654154815e+00
47.9 2.361908394853434e-03 7.176666835854669e+00
48 2.362228191074105e-03 7.125730356194939e+00
48.1 2.362514983023254e-03 7.075367780624777e+00
48.2 2.362822135127124e-03 7.023863375516869e+00
48.3 2.363222807330366e-03 6.969174858595511e+00
48.4 2.363910137207910e-03 6.909048980184819e+00
48.5 2.366130704228950e-03 6.859209664145633e+00
48.6 2.382807899837205e-03 7.320816526743403e+00
48.7 2.385529488441362e-03 7.295990192344328e+00
48.8 2.386367922221132e-03 7.240684046818491e+00
48.9 2.386831549616425e-03 7.187621050384156e+00
49 2.387163703446983e-03 7.136923884567036e+00
49.1 2.387450819695296e-03 7.087126958037421e+00
49.2 2.387745948153042e-03 7.036611557001973e+00
49.3 2.388111190120556e-03 6.983504903482617e+00
49.4 2.388685748554546e-03 6.925569086773061e+00
49.5 2.390115919297692e-03 6.866048701713015e+00
49.6 2.404947731459976e-03 7.259207635097073e+00
49.7 2.410101719275686e-03 7.311054878410745e+00
49.8 2.411173796840848e-03 7.257356652235886e+00
49.9 2.411706591977584e-03 7.204003676281335e+00
50 2.412064740197382e-03 7.153269527665425e+00
50.1 2.412357822683752e-03 7.103893242304431e+00
50.2 2.412642386157118e-03 7.054352087646504e+00
50.3 2.412971432837682e-03 7.002948413826062e+00
50.4 2.413440155255320e-03 6.947614358595631e+00
50.5 2.414370259355817e-03 6.887254611083538e+00
50.6 2.419752506874663e-03 6.928801666177304e+00
50.7 2.434197329442953e-03 7.325648707448387e+00
50.8 2.435845926188226e-03 7.279670370910710e+00
50.9 2.436516003863987e-03 7.225918323254692e+00
51 2.436924444568669e-03 7.174768376808587e+00
51.1 2.437234625675612e-03 7.125528415297007e+00
51.2 2.437514829606529e-03 7.076781952727671e+00
51.3 2.437813883684117e-03 7.026985849795701e+00
51.4 2.438197591909867e-03 6.974321317496421e+00
51.5 2.438829086010254e-03 6.916766705134484e+00
51.6 2.440577459746811e-03 6.862544519114122e+00
51.7 2.456414734094861e-03 7.296124140356328e+00
51.8 2.460244343516120e-03 7.306427772818315e+00
51.9 2.461219741159135e-03 7.253561407371570e+00
52 2.461727038162770e-03 7.201580010896307e+00
52.1 2.462075123940630e-03 7.152031317605699e+00
52.2 2.462362953188782e-03 7.103719952439739e+00
52.3 2.462643349755898e-03 7.055224405977128e+00
52.4 2.462966394269315e-03 7.004961392283892e+00
52.5 2.463420530740028e-03 6.951018557094361e+00
52.6 2.464289732658296e-03 6.892248834606569e+00
52.7 2.468400750255481e-03 6.895040025825310e+00
52.8 2.483814803920215e-03 7.326506781608866e+00
52.9 2.485713273470092e-03 7.286764733213021e+00
53 2.486436268779332e-03 7.234053629197152e+00
53.1 2.486863798149634e-03 7.183613928146849e+00
53.2 2.487180323515716e-03 7.135184925946885e+00
53.3 2.487458279579640e-03 7.087482396725493e+00
53.4 2.487744595753487e-03 7.039094751097921e+00
53.5 2.488094431154564e-03 6.988400131656472e+00
53.6 2.488625039942232e-03 6.933489768692028e+00
53.7 2.489804900724819e-03 6.875690563487410e+00
53.8 2.500358629593128e-03 7.113331220355978e+00
53.9 2.509621854996460e-03 7.320611463216736e+00
54 2.510958227932911e-03 7.272469853246005e+00
54.1 2.511564136076082e-03 7.220761770223042e+00
54.2 2.511949806892897e-03 7.171477482588442e+00
54.3 2.512249498351690e-03 7.123858446532984e+00
54.4 2.512523362281377e-03 7.076622207349248e+00
54.5 2.512816199728707e-03 7.028371840750379e+00
54.6 2.513188588079804e-03 6.977471513161798e+00
54.7 2.513785043571220e-03 6.922122076370009e+00
54.8 2.515287508007845e-03 6.867632702565691e+00
54.9 2.529665034995526e-03 7.250946246415817e+00
55 2.534962956772448e-03 7.313860428719931e+00
55.1 2.536080431334334e-03 7.264049858957462e+00
55.2 2.536631065846185e-03 7.213253655791931e+00
55.3 2.536995736567977e-03 7.164806283761313e+00
55.4 2.537286810307969e-03 7.117811085160901e+00
55.5 2.537558611985166e-03 7.071012851603760e+00
55.6 2.537854921995279e-03 7.023040833790001e+00
55.7 2.538239201066400e-03 6.972279398105269e+00
55.8 2.538870987667021e-03 6.917065074356130e+00
55.9 2.540565916092761e-03 6.865777009360357e+00
56 2.555686256648238e-03 7.278464148067300e+00
56.1 2.560067191578543e-03 7.311062178068505e+00
56.2 2.561116367511435e-03 7.261345422075836e+00
56.3 2.561648841307739e-03 7.211212746651560e+00
56.4 2.562006393962667e-03 7.163350603911200e+00
56.5 2.562294099820477e-03 7.116862252416701e+00
56.6 2.562564012939363e-03 7.070531528931462e+00
56.7 2.562858799271578e-03 7.023029568058294e+00
56.8 2.563240627348763e-03 6.972793249766980e+00
56.9 2.563864596581626e-03 6.918227574403632e+00
57 2.565500620891039e-03 6.867020463613009e+00
57.1 2.580241326372214e-03 7.266809040152313e+00
57.2 2.584989197174028e-03 7.312893239645311e+00
57.3 2.586076642062005e-03 7.264151162421043e+00
57.4 2.586621088546944e-03 7.214430747836564e+00
57.5 2.586983362119022e-03 7.166933546900701e+00
57.6 2.587272171653184e-03 7.120855452611493e+00
57.7 2.587540073277232e-03 7.075028950872534e+00
57.8 2.587828364857251e-03 7.028181557312238e+00
57.9 2.588194011217146e-03 6.978829591752740e+00
58 2.588770380034450e-03 6.925380760145933e+00
58.1 2.590140892929724e-03 6.872008108848244e+00
58.2 2.602761948730232e-03 7.192768567543259e+00
58.3 2.609702008889053e-03 7.318621106132929e+00
58.4 2.610954753505919e-03 7.272294394836454e+00
58.5 2.611545328610438e-03 7.222790979394482e+00
58.6 2.611925705053926e-03 7.175435603046354e+00
58.7 2.612221078433279e-03 7.129649999454235e+00
58.8 2.612487914188822e-03 7.084328256552739e+00
58.9 2.612766553290010e-03 7.038263421557692e+00
59 2.613106707254600e-03 6.990071875124002e+00
59.1 2.613612188795277e-03 6.938177264604976e+00
59.2 2.614660150623086e-03 6.883475641965205e+00
59.3 2.621113245740953e-03 6.974176488230537e+00
59.4 2.634060728359574e-03 7.324884977849179e+00
59.5 2.635722619869513e-03 7.285544156048862e+00
59.6 2.636411677942044e-03 7.236258757906969e+00
59.7 2.636829338049765e-03 7.188800885228255e+00
59.8 2.637139620935935e-03 7.143135048707917e+00
59.9 2.637408622628660e-03 7.098247484504510e+00
60 2.637677457493521e-03 7.052999540449082e+00
