5	-1.76923076923077
15	-0.115384615384615
25	-1.53846153846154
35	0.307692307692308
45	-0.326923076923077
55	0.423076923076923
65	0.442307692307692
75	0.480769230769231
85	-0.0769230769230769
95	0.557692307692308
105	0.576923076923077
115	0.615384615384615
125	0.634615384615385
135	0.673076923076923
145	0.730769230769231
155	0.788461538461539
165	0.807692307692308
175	-0.307692307692308
185	0.884615384615385
195	0.903846153846154
205	0.961538461538462
215	0.980769230769231
225	1.03846153846154
235	1.03846153846154
245	1.07692307692308
255	1.09615384615385
265	1.15384615384615
275	1.13461538461538
285	1.17307692307692
295	1.19230769230769
305	1.23076923076923
315	1.25000000000000
325	1.30769230769231
335	1.30769230769231
345	1.32692307692308
355	1.34615384615385
365	1.34615384615385
375	1.38461538461538
385	1.40384615384615
395	1.42307692307692
405	1.44230769230769
415	1.46153846153846
425	1.50000000000000
435	1.48076923076923
445	1.51923076923077
455	1.53846153846154
465	1.55769230769231
475	1.57692307692308
485	1.57692307692308
495	1.59615384615385
505	1.61538461538462
515	1.63461538461538
525	1.65384615384615
535	1.67307692307692
545	1.69230769230769
555	-0.0769230769230769
565	1.73076923076923
575	1.73076923076923
585	1.75000000000000
595	-0.307692307692308
605	1.78846153846154
615	1.80769230769231
625	1.82692307692308
635	1.84615384615385
645	1.84615384615385
655	1.86538461538462
665	1.88461538461538
675	1.88461538461538
685	1.90384615384615
695	1.92307692307692
705	1.94230769230769
715	1.96153846153846
725	2
735	1.98076923076923
745	2
755	2.01923076923077
765	2.03846153846154
775	2.05769230769231
785	2.07692307692308
795	2.07692307692308
805	2.09615384615385
815	2.11538461538462
825	-0.0769230769230769
835	2.13461538461538
845	-0.307692307692308
855	2.17307692307692
865	2.19230769230769
875	2.21153846153846
885	2.21153846153846
895	2.23076923076923
905	-0.307692307692308
915	2.25000000000000
925	-0.307692307692308
935	2.28846153846154
945	2.28846153846154
955	2.30769230769231
965	2.32692307692308
975	2.34615384615385
985	2.34615384615385
995	2.36538461538462
1005	2.38461538461538
1015	-0.0769230769230769
1025	2.40384615384615
1035	2.42307692307692
1045	-0.307692307692308
1055	2.44230769230769
1065	2.46153846153846
1075	2.48076923076923
1085	2.48076923076923
1095	-0.0769230769230769
1105	2.51923076923077
1115	2.51923076923077
1125	2.53846153846154
1135	2.55769230769231
1145	2.55769230769231
1155	2.57692307692308
1165	2.59615384615385
1175	2.61538461538462
1185	2.61538461538462
1195	2.63461538461538
1205	2.63461538461538
1215	2.65384615384615
1225	-0.307692307692308
1235	2.69230769230769
1245	2.69230769230769
1255	2.71153846153846
1265	2.73076923076923
1275	2.73076923076923
1285	2.73076923076923
1295	2.75000000000000
1305	2.76923076923077
1315	-0.0769230769230769
1325	2.78846153846154
1335	2.80769230769231
1345	2.82692307692308
1355	2.82692307692308
1365	2.82692307692308
1375	2.84615384615385
1385	2.86538461538462
1395	2.88461538461538
1405	2.88461538461538
1415	2.90384615384615
1425	2.90384615384615
1435	2.90384615384615
1445	2.92307692307692
1455	2.94230769230769
1465	2.96153846153846
1475	-0.0769230769230769
1485	2.98076923076923
1495	3
1505	3
1515	3.01923076923077
1525	3.01923076923077
1535	3.03846153846154
1545	3.03846153846154
1555	3.05769230769231
1565	3.07692307692308
1575	3.07692307692308
1585	-0.0769230769230769
1595	3.09615384615385
1605	3.11538461538462
1615	3.11538461538462
1625	3.13461538461538
1635	3.15384615384615
1645	3.15384615384615
1655	3.17307692307692
1665	3.19230769230769
1675	3.19230769230769
1685	3.21153846153846
1695	3.23076923076923
1705	3.23076923076923
1715	3.25000000000000
1725	3.25000000000000
1735	3.26923076923077
1745	3.26923076923077
1755	3.28846153846154
1765	3.28846153846154
1775	3.30769230769231
1785	3.30769230769231
1795	3.32692307692308
1805	3.34615384615385
1815	3.34615384615385
1825	3.36538461538462
1835	3.36538461538462
1845	3.38461538461539
1855	-0.307692307692308
1865	3.40384615384615
1875	3.42307692307692
1885	3.40384615384615
1895	3.44230769230769
1905	3.44230769230769
1915	3.46153846153846
1925	3.46153846153846
1935	3.48076923076923
1945	3.50000000000000
1955	3.50000000000000
1965	3.51923076923077
1975	3.51923076923077
1985	3.53846153846154
1995	3.53846153846154
2005	3.53846153846154
2015	3.55769230769231
2025	3.57692307692308
2035	3.59615384615385
2045	3.59615384615385
2055	3.59615384615385
2065	3.61538461538462
2075	3.61538461538462
2085	3.63461538461539
2095	3.65384615384615
2105	3.65384615384615
2115	3.65384615384615
2125	3.67307692307692
2135	3.67307692307692
2145	3.69230769230769
2155	3.69230769230769
2165	3.71153846153846
2175	3.73076923076923
2185	3.73076923076923
2195	3.75000000000000
2205	3.75000000000000
2215	3.76923076923077
2225	3.76923076923077
2235	3.78846153846154
2245	3.78846153846154
2255	3.80769230769231
2265	3.80769230769231
2275	3.82692307692308
2285	3.82692307692308
2295	3.84615384615385
2305	3.84615384615385
2315	3.86538461538462
2325	3.86538461538462
2335	3.88461538461539
2345	3.88461538461539
2355	3.92307692307692
2365	3.90384615384615
2375	3.92307692307692
2385	3.92307692307692
2395	3.94230769230769
2405	3.96153846153846
2415	3.96153846153846
2425	3.96153846153846
2435	3.94230769230769
2445	4
2455	4
2465	4
2475	4.01923076923077
2485	4.01923076923077
2495	4.03846153846154
2505	4.03846153846154
2515	4.05769230769231
2525	4.05769230769231
2535	4.07692307692308
2545	4.07692307692308
2555	4.09615384615385
2565	4.09615384615385
2575	4.11538461538462
2585	4.09615384615385
2595	4.13461538461539
2605	4.13461538461539
2615	4.15384615384615
2625	4.15384615384615
2635	4.19230769230769
2645	4.17307692307692
2655	4.19230769230769
2665	4.17307692307692
2675	4.17307692307692
2685	4.21153846153846
2695	4.23076923076923
2705	4.23076923076923
2715	4.21153846153846
2725	4.23076923076923
2735	4.25000000000000
2745	4.26923076923077
2755	4.26923076923077
2765	4.28846153846154
2775	4.28846153846154
2785	4.30769230769231
2795	4.28846153846154
2805	4.30769230769231
2815	4.32692307692308
2825	4.34615384615385
2835	4.34615384615385
2845	4.34615384615385
2855	4.38461538461539
2865	4.38461538461539
2875	4.36538461538462
2885	4.40384615384615
2895	4.40384615384615
2905	4.42307692307692
2915	4.42307692307692
2925	4.42307692307692
2935	4.42307692307692
2945	4.44230769230769
2955	4.44230769230769
2965	4.46153846153846
2975	4.46153846153846
2985	4.48076923076923
2995	4.48076923076923
3005	4.50000000000000
3015	4.50000000000000
3025	4.51923076923077
3035	4.51923076923077
3045	4.53846153846154
3055	4.53846153846154
3065	4.53846153846154
3075	4.55769230769231
3085	4.55769230769231
3095	4.55769230769231
3105	4.57692307692308
3115	4.57692307692308
3125	4.59615384615385
3135	4.59615384615385
3145	4.61538461538462
3155	4.61538461538462
3165	4.63461538461539
3175	4.63461538461539
3185	4.65384615384615
3195	4.65384615384615
3205	4.65384615384615
3215	4.67307692307692
3225	4.67307692307692
3235	4.67307692307692
3245	4.71153846153846
3255	4.71153846153846
3265	4.71153846153846
3275	4.71153846153846
3285	4.73076923076923
3295	4.75000000000000
3305	4.75000000000000
3315	4.75000000000000
3325	4.76923076923077
3335	4.75000000000000
3345	4.76923076923077
3355	4.78846153846154
3365	4.80769230769231
3375	4.80769230769231
3385	4.80769230769231
3395	4.82692307692308
3405	4.82692307692308
3415	4.84615384615385
3425	4.84615384615385
3435	4.84615384615385
3445	4.88461538461539
3455	4.88461538461539
3465	4.86538461538462
3475	4.86538461538462
3485	4.90384615384615
3495	4.90384615384615
3505	4.92307692307692
3515	4.92307692307692
3525	4.92307692307692
3535	4.94230769230769
3545	4.94230769230769
3555	4.96153846153846
3565	4.96153846153846
3575	4.96153846153846
3585	4.98076923076923
3595	4.98076923076923
3605	4.98076923076923
3615	5
3625	5
3635	5.01923076923077
3645	5.01923076923077
3655	5.03846153846154
3665	5.03846153846154
3675	5.03846153846154
3685	5.05769230769231
3695	5.07692307692308
3705	5.05769230769231
3715	5.05769230769231
3725	5.07692307692308
3735	5.11538461538462
3745	5.09615384615385
3755	5.11538461538462
3765	5.11538461538462
3775	5.15384615384615
3785	5.15384615384615
3795	5.15384615384615
3805	5.13461538461539
3815	5.13461538461539
3825	5.13461538461539
3835	5.17307692307692
3845	5.17307692307692
3855	5.19230769230769
3865	5.19230769230769
3875	5.21153846153846
3885	5.21153846153846
3895	5.23076923076923
3905	5.23076923076923
3915	5.23076923076923
3925	5.26923076923077
3935	5.25000000000000
3945	5.25000000000000
3955	5.26923076923077
3965	5.28846153846154
3975	5.25000000000000
3985	5.28846153846154
3995	5.30769230769231
4005	5.30769230769231
4015	5.32692307692308
4025	5.32692307692308
4035	5.32692307692308
4045	5.32692307692308
4055	5.34615384615385
4065	5.34615384615385
4075	5.38461538461539
4085	5.38461538461539
4095	5.36538461538462
4105	5.36538461538462
4115	5.36538461538462
4125	5.42307692307692
4135	5.42307692307692
4145	5.40384615384615
4155	5.42307692307692
4165	5.40384615384615
4175	5.46153846153846
4185	5.46153846153846
4195	5.46153846153846
4205	5.44230769230769
4215	5.44230769230769
4225	5.50000000000000
4235	5.50000000000000
4245	5.50000000000000
4255	5.50000000000000
4265	5.48076923076923
4275	5.48076923076923
4285	5.51923076923077
4295	5.51923076923077
4305	5.53846153846154
4315	5.51923076923077
4325	5.57692307692308
4335	5.55769230769231
4345	5.55769230769231
4355	5.57692307692308
4365	5.57692307692308
4375	5.55769230769231
4385	5.55769230769231
4395	5.59615384615385
4405	5.61538461538462
4415	5.61538461538462
4425	5.59615384615385
4435	5.63461538461539
4445	5.63461538461539
4455	5.63461538461539
4465	5.65384615384615
4475	5.63461538461539
4485	5.67307692307692
4495	5.67307692307692
4505	5.69230769230769
4515	5.69230769230769
4525	5.69230769230769
4535	5.71153846153846
4545	5.71153846153846
4555	5.71153846153846
4565	5.73076923076923
4575	5.73076923076923
4585	5.75000000000000
4595	5.75000000000000
4605	5.75000000000000
4615	5.76923076923077
4625	5.76923076923077
4635	5.78846153846154
4645	5.78846153846154
4655	5.78846153846154
4665	5.78846153846154
4675	5.80769230769231
4685	5.78846153846154
4695	5.82692307692308
4705	5.82692307692308
4715	5.82692307692308
4725	5.84615384615385
4735	5.84615384615385
4745	5.84615384615385
4755	5.86538461538462
4765	5.86538461538462
4775	5.86538461538462
4785	5.88461538461539
4795	5.86538461538462
4805	5.90384615384615
4815	5.90384615384615
4825	5.90384615384615
4835	5.92307692307692
4845	5.92307692307692
4855	5.92307692307692
4865	5.94230769230769
4875	5.94230769230769
4885	5.94230769230769
4895	5.96153846153846
4905	5.96153846153846
4915	5.96153846153846
4925	6
4935	6
4945	6
4955	5.98076923076923
4965	5.98076923076923
4975	6.01923076923077
4985	6.01923076923077
4995	6.01923076923077
5005	6.03846153846154
5015	6.01923076923077
5025	6.05769230769231
5035	6.07692307692308
5045	6.07692307692308
5055	6.07692307692308
5065	6.07692307692308
5075	6.07692307692308
5085	6.11538461538462
5095	6.09615384615385
5105	6.09615384615385
5115	6.09615384615385
5125	6.09615384615385
5135	6.13461538461539
5145	6.13461538461539
5155	6.13461538461539
5165	6.15384615384615
5175	6.15384615384615
5185	6.13461538461539
5195	6.17307692307692
5205	6.17307692307692
5215	6.17307692307692
5225	6.19230769230769
5235	6.19230769230769
5245	6.17307692307692
5255	6.21153846153846
5265	6.21153846153846
5275	6.23076923076923
5285	6.23076923076923
5295	6.23076923076923
5305	6.21153846153846
5315	6.25000000000000
5325	6.25000000000000
5335	6.25000000000000
5345	6.26923076923077
5355	6.26923076923077
5365	6.26923076923077
5375	6.30769230769231
5385	6.28846153846154
5395	6.30769230769231
5405	6.30769230769231
5415	6.30769230769231
5425	6.34615384615385
5435	6.34615384615385
5445	6.34615384615385
5455	6.32692307692308
5465	6.32692307692308
5475	6.32692307692308
5485	6.32692307692308
5495	6.36538461538462
5505	6.38461538461539
5515	6.38461538461539
5525	6.38461538461539
5535	6.36538461538462
5545	6.40384615384615
5555	6.40384615384615
5565	6.42307692307692
5575	6.40384615384615
5585	6.42307692307692
5595	6.42307692307692
5605	6.42307692307692
5615	6.44230769230769
5625	6.44230769230769
5635	6.46153846153846
5645	6.46153846153846
5655	6.46153846153846
5665	6.46153846153846
5675	6.46153846153846
5685	6.48076923076923
5695	6.48076923076923
5705	6.50000000000000
5715	6.50000000000000
5725	6.50000000000000
5735	6.53846153846154
5745	6.51923076923077
5755	6.53846153846154
5765	6.53846153846154
5775	6.53846153846154
5785	6.55769230769231
5795	6.57692307692308
5805	6.57692307692308
5815	6.55769230769231
5825	6.55769230769231
5835	6.55769230769231
5845	6.59615384615385
5855	6.59615384615385
5865	6.61538461538462
5875	6.61538461538462
5885	6.59615384615385
5895	6.61538461538462
5905	6.61538461538462
5915	6.61538461538462
5925	6.63461538461539
5935	6.65384615384615
5945	6.65384615384615
5955	6.65384615384615
5965	6.63461538461539
5975	6.67307692307692
5985	6.69230769230769
5995	6.67307692307692
6005	6.69230769230769
6015	6.67307692307692
6025	6.67307692307692
6035	6.73076923076923
6045	6.71153846153846
6055	6.71153846153846
6065	6.73076923076923
6075	6.73076923076923
6085	6.73076923076923
6095	6.75000000000000
6105	6.75000000000000
6115	6.76923076923077
6125	6.76923076923077
6135	6.76923076923077
6145	6.76923076923077
6155	6.78846153846154
6165	6.78846153846154
6175	6.78846153846154
6185	6.80769230769231
6195	6.78846153846154
6205	6.80769230769231
6215	6.84615384615385
6225	6.82692307692308
6235	6.82692307692308
6245	6.82692307692308
6255	6.84615384615385
6265	6.86538461538462
6275	6.86538461538462
6285	6.86538461538462
6295	6.86538461538462
6305	6.88461538461539
6315	6.88461538461539
6325	6.86538461538462
6335	6.90384615384615
6345	6.90384615384615
6355	6.92307692307692
6365	6.92307692307692
6375	6.90384615384615
6385	6.92307692307692
6395	6.94230769230769
6405	6.94230769230769
6415	6.94230769230769
6425	6.96153846153846
6435	6.96153846153846
6445	6.96153846153846
6455	6.96153846153846
6465	6.98076923076923
6475	6.98076923076923
6485	6.98076923076923
6495	7
6505	6.98076923076923
6515	7
6525	6.98076923076923
6535	7.01923076923077
6545	7.03846153846154
6555	7.03846153846154
6565	7.01923076923077
6575	7.03846153846154
6585	7.03846153846154
6595	7.07692307692308
6605	7.07692307692308
6615	7.07692307692308
6625	7.07692307692308
6635	7.05769230769231
6645	7.07692307692308
6655	7.05769230769231
6665	7.09615384615385
6675	7.09615384615385
6685	7.11538461538462
6695	7.11538461538462
6705	7.11538461538462
6715	7.09615384615385
6725	7.11538461538462
6735	7.13461538461539
6745	7.15384615384615
6755	7.15384615384615
6765	7.13461538461539
6775	7.13461538461539
6785	7.19230769230769
6795	7.19230769230769
6805	7.19230769230769
6815	7.19230769230769
6825	7.17307692307692
6835	7.17307692307692
6845	7.17307692307692
6855	7.17307692307692
6865	7.23076923076923
6875	7.21153846153846
6885	7.21153846153846
6895	7.21153846153846
6905	7.23076923076923
6915	7.21153846153846
6925	7.25000000000000
6935	7.25000000000000
6945	7.26923076923077
6955	7.25000000000000
6965	7.26923076923077
6975	7.25000000000000
6985	7.28846153846154
6995	7.28846153846154
7005	7.28846153846154
7015	7.28846153846154
7025	7.28846153846154
7035	7.30769230769231
7045	7.32692307692308
7055	7.32692307692308
7065	7.32692307692308
7075	7.34615384615385
7085	7.34615384615385
7095	7.34615384615385
7105	7.34615384615385
7115	7.36538461538462
7125	7.38461538461539
7135	7.36538461538462
7145	7.38461538461539
7155	7.38461538461539
7165	7.38461538461539
7175	7.42307692307692
7185	7.42307692307692
7195	7.42307692307692
7205	7.42307692307692
7215	7.40384615384615
7225	7.40384615384615
7235	7.40384615384615
7245	7.46153846153846
7255	7.46153846153846
7265	7.44230769230769
7275	7.46153846153846
7285	7.44230769230769
7295	7.46153846153846
7305	7.46153846153846
7315	7.48076923076923
7325	7.48076923076923
7335	7.50000000000000
7345	7.48076923076923
7355	7.50000000000000
7365	7.48076923076923
7375	7.50000000000000
7385	7.48076923076923
7395	7.51923076923077
7405	7.53846153846154
7415	7.53846153846154
7425	7.53846153846154
7435	7.53846153846154
7445	7.55769230769231
7455	7.57692307692308
7465	7.55769230769231
7475	7.55769230769231
7485	7.57692307692308
7495	7.57692307692308
7505	7.59615384615385
7515	7.61538461538462
7525	7.59615384615385
7535	7.59615384615385
7545	7.61538461538462
7555	7.61538461538462
7565	7.63461538461539
7575	7.61538461538462
7585	7.63461538461539
7595	7.63461538461539
7605	7.63461538461539
7615	7.63461538461539
7625	7.65384615384615
7635	7.63461538461539
7645	7.67307692307692
7655	7.69230769230769
7665	7.67307692307692
7675	7.69230769230769
7685	7.67307692307692
7695	7.69230769230769
7705	7.67307692307692
7715	7.67307692307692
7725	7.69230769230769
7735	7.69230769230769
7745	7.73076923076923
7755	7.71153846153846
7765	7.73076923076923
7775	7.71153846153846
7785	7.75000000000000
7795	7.71153846153846
7805	7.75000000000000
7815	7.76923076923077
7825	7.75000000000000
7835	7.75000000000000
7845	7.75000000000000
7855	7.75000000000000
7865	7.75000000000000
7875	7.78846153846154
7885	7.78846153846154
7895	7.80769230769231
7905	7.80769230769231
7915	7.80769230769231
7925	7.78846153846154
7935	7.84615384615385
7945	7.82692307692308
7955	7.84615384615385
7965	7.82692307692308
7975	7.82692307692308
7985	7.82692307692308
7995	7.82692307692308
8005	7.86538461538462
8015	7.86538461538462
8025	7.88461538461539
8035	7.86538461538462
8045	7.86538461538462
8055	7.86538461538462
8065	7.86538461538462
8075	7.92307692307692
8085	7.92307692307692
8095	7.92307692307692
8105	7.90384615384615
8115	7.90384615384615
8125	7.90384615384615
8135	7.94230769230769
8145	7.94230769230769
8155	7.94230769230769
8165	7.94230769230769
8175	7.94230769230769
8185	8
8195	7.98076923076923
8205	7.98076923076923
8215	8
8225	8
8235	7.98076923076923
8245	7.98076923076923
8255	7.98076923076923
8265	7.98076923076923
8275	7.98076923076923
8285	8.01923076923077
8295	8.01923076923077
8305	8.03846153846154
8315	8.01923076923077
8325	8.01923076923077
8335	8.03846153846154
8345	8.01923076923077
8355	8.05769230769231
8365	8.07692307692308
8375	8.07692307692308
8385	8.07692307692308
8395	8.05769230769231
8405	8.05769230769231
8415	8.09615384615385
8425	8.09615384615385
8435	8.09615384615385
8445	8.11538461538462
8455	8.11538461538462
8465	8.09615384615385
8475	8.11538461538462
8485	8.15384615384616
8495	8.13461538461539
8505	8.13461538461539
8515	8.15384615384616
8525	8.13461538461539
8535	8.13461538461539
8545	8.13461538461539
8555	8.13461538461539
8565	8.13461538461539
8575	8.17307692307692
8585	8.17307692307692
8595	8.17307692307692
8605	8.19230769230769
8615	8.17307692307692
8625	8.17307692307692
8635	8.19230769230769
8645	8.21153846153846
8655	8.23076923076923
8665	8.21153846153846
8675	8.23076923076923
8685	8.21153846153846
8695	8.23076923076923
8705	8.21153846153846
8715	8.26923076923077
8725	8.25000000000000
8735	8.26923076923077
8745	8.25000000000000
8755	8.26923076923077
8765	8.26923076923077
8775	8.26923076923077
8785	8.26923076923077
8795	8.28846153846154
8805	8.30769230769231
8815	8.30769230769231
8825	8.28846153846154
8835	8.28846153846154
8845	8.30769230769231
8855	8.30769230769231
8865	8.32692307692308
8875	8.28846153846154
8885	8.28846153846154
8895	8.34615384615385
8905	8.34615384615385
8915	8.34615384615385
8925	8.32692307692308
8935	8.32692307692308
8945	8.34615384615385
8955	8.38461538461539
8965	8.38461538461539
8975	8.38461538461539
8985	8.38461538461539
8995	8.38461538461539
9005	8.38461538461539
9015	8.36538461538462
9025	8.38461538461539
9035	8.42307692307692
9045	8.42307692307692
9055	8.42307692307692
9065	8.40384615384616
9075	8.42307692307692
9085	8.42307692307692
9095	8.40384615384616
9105	8.42307692307692
9115	8.46153846153846
9125	8.46153846153846
9135	8.46153846153846
9145	8.44230769230769
9155	8.46153846153846
9165	8.44230769230769
9175	8.50000000000000
9185	8.46153846153846
9195	8.48076923076923
9205	8.48076923076923
9215	8.50000000000000
9225	8.50000000000000
9235	8.50000000000000
9245	8.51923076923077
9255	8.51923076923077
9265	8.50000000000000
9275	8.53846153846154
9285	8.51923076923077
9295	8.51923076923077
9305	8.51923076923077
9315	8.53846153846154
9325	8.51923076923077
9335	8.57692307692308
9345	8.57692307692308
9355	8.55769230769231
9365	8.55769230769231
9375	8.55769230769231
9385	8.55769230769231
9395	8.55769230769231
9405	8.59615384615385
9415	8.61538461538462
9425	8.59615384615385
9435	8.55769230769231
9445	8.61538461538462
9455	8.61538461538462
9465	8.65384615384616
9475	8.65384615384616
9485	8.65384615384616
9495	8.65384615384616
9505	8.63461538461539
9515	8.63461538461539
9525	8.63461538461539
9535	8.63461538461539
9545	8.63461538461539
9555	8.69230769230769
9565	8.67307692307692
9575	8.67307692307692
9585	8.67307692307692
9595	8.71153846153846
9605	8.71153846153846
9615	8.67307692307692
9625	8.73076923076923
9635	8.73076923076923
9645	8.71153846153846
9655	8.73076923076923
9665	8.73076923076923
9675	8.73076923076923
9685	8.76923076923077
9695	8.75000000000000
9705	8.76923076923077
9715	8.75000000000000
9725	8.76923076923077
9735	8.75000000000000
9745	8.76923076923077
9755	8.80769230769231
9765	8.80769230769231
9775	8.78846153846154
9785	8.80769230769231
9795	8.78846153846154
9805	8.78846153846154
9815	8.78846153846154
9825	8.78846153846154
9835	8.78846153846154
9845	8.84615384615385
9855	8.84615384615385
9865	8.84615384615385
9875	8.82692307692308
9885	8.84615384615385
9895	8.84615384615385
9905	8.82692307692308
9915	8.88461538461539
9925	8.86538461538462
9935	8.86538461538462
9945	8.86538461538462
9955	8.86538461538462
9965	8.86538461538462
9975	8.86538461538462
9985	8.88461538461539
9995	8.86538461538462
10005	8.86538461538462
10015	8.92307692307692
10025	8.92307692307692
10035	8.92307692307692
10045	8.96153846153846
10055	8.96153846153846
10065	8.92307692307692
10075	8.96153846153846
10085	8.90384615384616
10095	8.94230769230769
10105	8.96153846153846
10115	8.94230769230769
10125	8.94230769230769
10135	8.98076923076923
10145	8.98076923076923
10155	8.94230769230769
10165	9
10175	9
10185	9
10195	8.98076923076923
10205	8.98076923076923
10215	9.01923076923077
10225	8.98076923076923
10235	9.01923076923077
10245	9.01923076923077
10255	9.01923076923077
10265	9.03846153846154
10275	9.03846153846154
10285	9.03846153846154
10295	9.03846153846154
10305	9.07692307692308
10315	9.07692307692308
10325	9.07692307692308
10335	9.07692307692308
10345	9.07692307692308
10355	9.07692307692308
10365	9.05769230769231
10375	9.07692307692308
10385	9.07692307692308
10395	9.09615384615385
10405	9.05769230769231
10415	9.11538461538462
10425	9.09615384615385
10435	9.09615384615385
10445	9.09615384615385
10455	9.11538461538462
10465	9.11538461538462
10475	9.11538461538462
10485	9.15384615384616
10495	9.15384615384616
10505	9.15384615384616
10515	9.13461538461539
10525	9.15384615384616
10535	9.15384615384616
10545	9.19230769230769
10555	9.13461538461539
10565	9.19230769230769
10575	9.19230769230769
10585	9.17307692307692
10595	9.17307692307692
10605	9.23076923076923
10615	9.17307692307692
10625	9.17307692307692
10635	9.23076923076923
10645	9.21153846153846
10655	9.23076923076923
10665	9.21153846153846
10675	9.23076923076923
10685	9.21153846153846
10695	9.23076923076923
10705	9.21153846153846
10715	9.21153846153846
10725	9.26923076923077
10735	9.26923076923077
10745	9.25000000000000
10755	9.25000000000000
10765	9.25000000000000
10775	9.25000000000000
10785	9.30769230769231
10795	9.30769230769231
10805	9.30769230769231
10815	9.28846153846154
10825	9.28846153846154
10835	9.28846153846154
10845	9.28846153846154
10855	9.28846153846154
10865	9.32692307692308
10875	9.28846153846154
10885	9.28846153846154
10895	9.32692307692308
10905	9.34615384615385
10915	9.34615384615385
10925	9.32692307692308
10935	9.34615384615385
10945	9.34615384615385
10955	9.36538461538462
10965	9.36538461538462
10975	9.38461538461539
10985	9.38461538461539
10995	9.38461538461539
11005	9.36538461538462
11015	9.38461538461539
11025	9.38461538461539
11035	9.36538461538462
11045	9.36538461538462
11055	9.40384615384616
11065	9.42307692307692
11075	9.42307692307692
11085	9.42307692307692
11095	9.40384615384616
11105	9.42307692307692
11115	9.40384615384616
11125	9.44230769230769
11135	9.46153846153846
11145	9.46153846153846
11155	9.44230769230769
11165	9.44230769230769
11175	9.44230769230769
11185	9.44230769230769
11195	9.48076923076923
11205	9.50000000000000
11215	9.48076923076923
11225	9.50000000000000
11235	9.50000000000000
11245	9.50000000000000
11255	9.50000000000000
11265	9.53846153846154
11275	9.53846153846154
11285	9.53846153846154
11295	9.48076923076923
11305	9.53846153846154
11315	9.53846153846154
11325	9.51923076923077
11335	9.53846153846154
11345	9.51923076923077
11355	9.55769230769231
11365	9.51923076923077
11375	9.55769230769231
11385	9.55769230769231
11395	9.55769230769231
11405	9.55769230769231
11415	9.55769230769231
11425	9.57692307692308
11435	9.57692307692308
11445	-0.326923076923077
11455	9.55769230769231
11465	9.61538461538462
11475	9.61538461538462
11485	9.61538461538462
11495	9.61538461538462
11505	9.61538461538462
11515	9.61538461538462
11525	9.59615384615385
11535	9.61538461538462
11545	9.61538461538462
11555	9.63461538461539
11565	9.65384615384616
11575	9.65384615384616
11585	9.63461538461539
11595	9.63461538461539
11605	9.65384615384616
11615	9.63461538461539
11625	9.67307692307692
11635	9.69230769230769
11645	9.69230769230769
11655	9.69230769230769
11665	9.67307692307692
11675	9.67307692307692
11685	9.67307692307692
11695	9.67307692307692
11705	9.67307692307692
11715	9.67307692307692
11725	9.73076923076923
11735	9.67307692307692
11745	9.73076923076923
11755	9.71153846153846
11765	9.71153846153846
11775	9.71153846153846
11785	9.71153846153846
11795	9.71153846153846
11805	9.75000000000000
11815	9.76923076923077
11825	9.75000000000000
11835	9.75000000000000
11845	9.76923076923077
11855	9.75000000000000
11865	9.75000000000000
11875	9.75000000000000
11885	9.76923076923077
11895	9.80769230769231
11905	-0.326923076923077
11915	9.80769230769231
11925	9.78846153846154
11935	9.78846153846154
11945	9.78846153846154
11955	9.80769230769231
11965	9.78846153846154
11975	9.84615384615385
11985	9.82692307692308
11995	9.82692307692308
12005	9.84615384615385
12015	9.84615384615385
12025	9.84615384615385
12035	9.82692307692308
12045	9.84615384615385
12055	9.88461538461539
12065	9.88461538461539
12075	9.86538461538462
12085	9.88461538461539
12095	9.88461538461539
12105	9.86538461538462
12115	9.86538461538462
12125	9.86538461538462
12135	9.92307692307692
12145	9.92307692307692
12155	9.90384615384616
12165	9.90384615384616
12175	9.90384615384616
12185	9.92307692307692
12195	9.96153846153846
12205	9.94230769230769
12215	9.90384615384616
12225	9.96153846153846
12235	9.90384615384616
12245	9.94230769230769
12255	9.94230769230769
12265	9.94230769230769
12275	10
12285	10
12295	-0.326923076923077
12305	9.98076923076923
12315	10
12325	10
12335	9.98076923076923
12345	10
12355	9.98076923076923
12365	9.98076923076923
12375	10.0384615384615
12385	9.98076923076923
12395	10.0384615384615
12405	10.0192307692308
12415	10.0192307692308
12425	10.0192307692308
12435	-0.326923076923077
12445	10.0192307692308
12455	10.0769230769231
12465	10.0769230769231
12475	10.0576923076923
12485	10.0576923076923
12495	10.0576923076923
12505	10.0576923076923
12515	10.0769230769231
12525	10.0576923076923
12535	10.0961538461538
12545	-0.326923076923077
12555	10.0769230769231
12565	10.1153846153846
12575	10.0961538461538
12585	10.1153846153846
12595	10.0961538461538
12605	10.0961538461538
12615	10.0961538461538
12625	10.0961538461538
12635	10.1346153846154
12645	10.1538461538462
12655	-0.326923076923077
12665	10.1346153846154
12675	10.1346153846154
12685	10.1538461538462
12695	10.1346153846154
12705	10.1346153846154
12715	10.1346153846154
12725	10.1538461538462
12735	10.1730769230769
12745	10.1730769230769
12755	10.1923076923077
12765	10.1730769230769
12775	10.1730769230769
12785	10.2307692307692
12795	10.2307692307692
12805	10.2307692307692
12815	10.2307692307692
12825	10.1730769230769
12835	10.2307692307692
12845	-0.326923076923077
12855	-0.326923076923077
12865	10.2115384615385
12875	10.2692307692308
12885	10.2692307692308
12895	-0.326923076923077
12905	10.2115384615385
12915	10.3076923076923
12925	10.2692307692308
12935	10.2500000000000
12945	10.2500000000000
12955	10.3076923076923
12965	10.2500000000000
12975	10.2884615384615
12985	10.2884615384615
12995	10.2884615384615
13005	10.3076923076923
13015	10.3461538461538
13025	-0.326923076923077
13035	10.2884615384615
13045	10.3269230769231
13055	10.3461538461538
13065	10.3461538461538
13075	10.3461538461538
13085	10.3269230769231
13095	10.3653846153846
13105	10.3269230769231
13115	10.3846153846154
13125	10.3653846153846
13135	-0.326923076923077
13145	10.3653846153846
13155	10.3653846153846
13165	10.3653846153846
13175	10.3846153846154
13185	10.3846153846154
13195	10.3653846153846
13205	10.3653846153846
13215	10.3846153846154
13225	10.4038461538462
13235	10.4038461538462
13245	10.4038461538462
13255	10.4038461538462
13265	10.4038461538462
13275	10.4230769230769
13285	10.4615384615385
13295	10.4038461538462
13305	10.4038461538462
13315	10.4038461538462
13325	10.4615384615385
13335	10.4423076923077
13345	10.4615384615385
13355	-0.326923076923077
13365	10.4615384615385
13375	10.4615384615385
13385	10.4423076923077
13395	10.4807692307692
13405	10.4423076923077
13415	10.4423076923077
13425	10.5000000000000
13435	10.5000000000000
13445	10.5000000000000
13455	10.4807692307692
13465	-0.326923076923077
13475	-0.326923076923077
13485	-0.326923076923077
13495	10.4807692307692
13505	-0.326923076923077
13515	10.5192307692308
13525	10.5192307692308
13535	10.5192307692308
13545	10.5384615384615
13555	-0.326923076923077
13565	10.5192307692308
13575	10.5576923076923
13585	10.5192307692308
13595	-0.326923076923077
13605	-0.326923076923077
13615	10.5576923076923
13625	-0.326923076923077
13635	10.5576923076923
13645	10.5769230769231
13655	10.6153846153846
13665	-0.326923076923077
13675	10.6153846153846
13685	10.5576923076923
13695	10.6153846153846
13705	-0.326923076923077
13715	10.6153846153846
13725	10.5961538461538
13735	10.6153846153846
13745	-0.326923076923077
13755	-0.326923076923077
13765	10.6153846153846
13775	10.6346153846154
13785	-0.326923076923077
13795	10.6346153846154
13805	10.6346153846154
13815	10.6346153846154
13825	10.6730769230769
13835	10.6923076923077
13845	10.6346153846154
13855	10.6730769230769
13865	10.6730769230769
13875	10.6730769230769
13885	-0.326923076923077
13895	10.6923076923077
13905	10.6923076923077
13915	-0.326923076923077
13925	10.7115384615385
13935	-0.326923076923077
13945	-0.326923076923077
13955	10.7115384615385
13965	10.7307692307692
13975	-0.326923076923077
13985	10.7307692307692
13995	10.7307692307692
14005	-0.326923076923077
14015	10.7692307692308
14025	10.7500000000000
14035	10.7500000000000
14045	-0.326923076923077
14055	10.7692307692308
14065	-0.326923076923077
14075	-0.326923076923077
14085	-0.326923076923077
14095	10.7500000000000
14105	10.7500000000000
14115	10.8076923076923
14125	10.7884615384615
14135	10.8076923076923
14145	10.7884615384615
14155	-0.326923076923077
14165	10.8461538461538
14175	10.7884615384615
14185	-0.326923076923077
14195	-0.326923076923077
14205	-0.326923076923077
14215	-0.326923076923077
14225	-0.326923076923077
14235	10.8461538461538
14245	-0.326923076923077
14255	10.8269230769231
14265	-0.326923076923077
14275	-0.326923076923077
14285	10.8846153846154
14295	10.8653846153846
14305	10.8846153846154
14315	-0.326923076923077
14325	10.8269230769231
14335	-0.326923076923077
14345	10.8653846153846
14355	10.8653846153846
14365	-0.326923076923077
14375	10.8653846153846
14385	-0.326923076923077
14395	-0.326923076923077
14405	10.9230769230769
14415	10.9230769230769
14425	-0.326923076923077
14435	10.9230769230769
14445	10.9230769230769
14455	-0.326923076923077
14465	-0.326923076923077
14475	-0.326923076923077
14485	10.9038461538462
14495	10.9615384615385
14505	-0.326923076923077
14515	10.9615384615385
14525	10.9423076923077
14535	10.9423076923077
14545	10.9423076923077
14555	10.9807692307692
14565	10.9423076923077
14575	11
14585	11
14595	11
14605	11
14615	10.9807692307692
14625	11
14635	-0.326923076923077
14645	10.9807692307692
14655	11
14665	-0.326923076923077
14675	10.9807692307692
14685	-0.326923076923077
14695	-0.326923076923077
14705	11.0192307692308
14715	11.0192307692308
14725	11.0192307692308
14735	11.0384615384615
14745	11.0384615384615
14755	11.0384615384615
14765	11.0769230769231
14775	11.0192307692308
14785	11.0769230769231
14795	11.0769230769231
14805	11.0769230769231
14815	11.0576923076923
14825	11.0576923076923
14835	11.0576923076923
14845	-0.326923076923077
14855	-0.326923076923077
14865	-0.326923076923077
14875	-0.326923076923077
14885	11.1153846153846
14895	11.0961538461538
14905	11.1153846153846
14915	11.0961538461538
14925	11.0961538461538
14935	-0.326923076923077
14945	11.1538461538462
14955	11.1346153846154
14965	11.1538461538462
14975	11.1538461538462
14985	-0.326923076923077
14995	11.1346153846154
15005	11.1346153846154
15015	11.1346153846154
15025	-0.326923076923077
15035	11.1923076923077
15045	11.1538461538462
15055	11.1923076923077
15065	11.1346153846154
15075	11.1730769230769
15085	11.1730769230769
15095	-0.326923076923077
15105	-0.326923076923077
15115	11.1730769230769
15125	11.1923076923077
15135	-0.326923076923077
15145	11.2115384615385
15155	11.2115384615385
15165	11.2115384615385
15175	-0.326923076923077
15185	11.2115384615385
15195	11.2115384615385
15205	-0.326923076923077
15215	-0.326923076923077
15225	11.2115384615385
15235	-0.326923076923077
15245	-0.326923076923077
15255	11.2500000000000
15265	11.2692307692308
15275	11.2692307692308
15285	11.2500000000000
15295	11.2692307692308
15305	11.2500000000000
15315	11.2692307692308
15325	11.3076923076923
15335	-0.326923076923077
15345	11.2500000000000
15355	11.2692307692308
15365	11.2884615384615
15375	11.3076923076923
15385	11.2884615384615
15395	11.3076923076923
15405	11.3461538461538
15415	-0.326923076923077
15425	-0.326923076923077
15435	11.3461538461538
15445	11.2884615384615
15455	11.2884615384615
15465	-0.326923076923077
15475	11.3269230769231
15485	11.3269230769231
15495	11.3269230769231
15505	11.3269230769231
15515	-0.326923076923077
15525	-0.326923076923077
15535	-0.326923076923077
15545	11.3846153846154
15555	11.3846153846154
15565	11.3846153846154
15575	-0.326923076923077
15585	11.3653846153846
15595	-0.326923076923077
15605	-0.326923076923077
15615	-0.326923076923077
15625	11.4230769230769
15635	-0.326923076923077
15645	11.3653846153846
15655	11.4038461538462
15665	11.4038461538462
15675	11.4038461538462
15685	11.4038461538462
15695	-0.326923076923077
15705	11.4038461538462
15715	-0.326923076923077
15725	-0.326923076923077
15735	11.4615384615385
15745	11.4615384615385
15755	11.4615384615385
15765	11.4615384615385
15775	11.4615384615385
15785	11.4423076923077
15795	11.5000000000000
15805	11.5000000000000
15815	11.4423076923077
15825	11.5000000000000
15835	11.5000000000000
15845	11.5000000000000
15855	11.4807692307692
15865	11.5384615384615
15875	-0.326923076923077
15885	11.5384615384615
15895	11.5384615384615
15905	11.5384615384615
15915	-0.326923076923077
15925	11.5192307692308
15935	11.5192307692308
15945	-0.326923076923077
15955	11.5192307692308
15965	11.5769230769231
15975	11.5769230769231
15985	-0.326923076923077
15995	11.5192307692308
16005	11.5576923076923
16015	-0.326923076923077
16025	11.6153846153846
16035	11.5576923076923
16045	11.5576923076923
16055	-0.326923076923077
16065	11.5576923076923
16075	11.6153846153846
16085	-0.326923076923077
16095	11.5961538461538
16105	11.5961538461538
16115	11.6153846153846
16125	11.6153846153846
16135	11.6538461538462
16145	11.6346153846154
16155	-0.326923076923077
16165	11.6346153846154
16175	11.6538461538462
16185	11.6346153846154
16195	-0.326923076923077
16205	11.6346153846154
16215	-0.326923076923077
16225	-0.326923076923077
16235	11.6730769230769
16245	-0.326923076923077
16255	11.6923076923077
16265	11.6923076923077
16275	11.7115384615385
16285	-0.326923076923077
16295	11.6730769230769
16305	11.6923076923077
16315	11.6730769230769
16325	11.7307692307692
16335	-0.326923076923077
16345	-0.326923076923077
16355	11.7115384615385
16365	-0.326923076923077
16375	11.7307692307692
16385	-0.326923076923077
16395	11.7115384615385
16405	11.7115384615385
16415	11.7115384615385
16425	11.7692307692308
16435	-0.326923076923077
16445	11.7692307692308
16455	11.7692307692308
16465	11.7500000000000
16475	11.7500000000000
16485	11.7500000000000
16495	-0.326923076923077
16505	11.7500000000000
16515	11.7500000000000
16525	11.8076923076923
16535	-0.326923076923077
16545	11.8076923076923
16555	-0.326923076923077
16565	11.8076923076923
16575	11.7884615384615
16585	11.7884615384615
16595	11.7884615384615
16605	-0.326923076923077
16615	-0.326923076923077
16625	11.7884615384615
16635	11.7884615384615
16645	11.7884615384615
16655	11.8461538461538
16665	11.8269230769231
16675	11.8461538461538
16685	11.8269230769231
16695	-0.326923076923077
16705	11.8461538461538
16715	11.8653846153846
16725	11.8846153846154
16735	11.8846153846154
16745	-0.326923076923077
16755	-0.326923076923077
16765	11.8846153846154
16775	11.8653846153846
16785	-0.326923076923077
16795	-0.326923076923077
16805	11.8846153846154
16815	11.9230769230769
16825	11.8653846153846
16835	11.8653846153846
16845	11.9038461538462
16855	11.9230769230769
16865	-0.326923076923077
16875	11.9038461538462
16885	11.9038461538462
16895	11.9230769230769
16905	11.9230769230769
16915	11.9038461538462
16925	11.9230769230769
16935	11.9230769230769
16945	11.9615384615385
16955	11.9038461538462
16965	11.9423076923077
16975	11.9423076923077
16985	11.9423076923077
16995	11.9615384615385
17005	11.9423076923077
17015	12
17025	11.9423076923077
17035	12
17045	12
17055	12
17065	12
17075	-0.326923076923077
17085	12
17095	11.9423076923077
17105	11.9807692307692
17115	11.9807692307692
17125	-0.326923076923077
17135	-0.326923076923077
17145	12
17155	11.9807692307692
17165	12.0384615384615
17175	12.0192307692308
17185	12.0192307692308
17195	11.9807692307692
17205	12.0384615384615
17215	-0.326923076923077
17225	-0.326923076923077
17235	-0.326923076923077
17245	12.0192307692308
17255	12.0384615384615
17265	12.0192307692308
17275	12.0769230769231
17285	12.0576923076923
17295	12.0769230769231
17305	12.0576923076923
17315	12.0769230769231
17325	12.0576923076923
17335	12.0576923076923
17345	12.0576923076923
17355	-0.326923076923077
17365	12.1153846153846
17375	12.0576923076923
17385	12.1153846153846
17395	12.1153846153846
17405	12.1153846153846
17415	12.0576923076923
17425	12.0961538461538
17435	12.1153846153846
17445	12.1153846153846
17455	12.1153846153846
17465	12.1153846153846
17475	12.1153846153846
17485	12.1538461538462
17495	12.1538461538462
17505	12.0961538461538
17515	12.1346153846154
17525	12.1346153846154
17535	12.1346153846154
17545	12.1346153846154
17555	12.1346153846154
17565	12.1346153846154
17575	12.1538461538462
17585	12.1730769230769
17595	12.1923076923077
17605	12.1923076923077
17615	12.1923076923077
17625	12.1923076923077
17635	12.1730769230769
17645	12.1730769230769
17655	12.2307692307692
17665	12.2307692307692
17675	12.2115384615385
17685	12.1730769230769
17695	12.2307692307692
17705	12.2307692307692
17715	12.2307692307692
17725	12.2115384615385
17735	12.2115384615385
17745	12.2115384615385
17755	12.2115384615385
17765	12.2115384615385
17775	12.2115384615385
17785	12.2115384615385
17795	12.2115384615385
17805	12.2500000000000
17815	12.1730769230769
17825	12.2500000000000
17835	12.2692307692308
17845	12.2692307692308
17855	12.2692307692308
17865	12.2692307692308
17875	12.2692307692308
17885	12.2692307692308
17895	12.2500000000000
17905	12.2500000000000
17915	12.2500000000000
17925	12.3076923076923
17935	12.2500000000000
17945	12.2500000000000
17955	12.2500000000000
17965	12.2884615384615
17975	12.2884615384615
17985	12.2884615384615
17995	12.2884615384615
18005	12.2884615384615
18015	12.2884615384615
18025	12.2884615384615
18035	12.2884615384615
18045	12.3461538461538
18055	12.2884615384615
18065	12.3269230769231
18075	12.3461538461538
18085	12.3461538461538
18095	12.3461538461538
18105	12.3269230769231
18115	12.3269230769231
18125	12.3461538461538
18135	12.3269230769231
18145	12.3653846153846
18155	12.3653846153846
18165	12.3269230769231
18175	12.3846153846154
18185	12.3846153846154
18195	12.3653846153846
18205	12.3653846153846
18215	12.3653846153846
18225	12.3846153846154
18235	12.3653846153846
18245	12.3653846153846
18255	12.4230769230769
18265	12.3846153846154
18275	12.4230769230769
18285	12.4038461538462
18295	12.4038461538462
18305	12.4038461538462
18315	12.4038461538462
18325	12.4230769230769
18335	12.4038461538462
18345	12.4038461538462
18355	12.4038461538462
18365	12.4038461538462
18375	12.4038461538462
18385	12.4230769230769
18395	12.4615384615385
18405	12.4615384615385
18415	12.4423076923077
18425	12.4615384615385
18435	12.4038461538462
18445	12.4615384615385
18455	12.4615384615385
18465	12.4615384615385
18475	12.4615384615385
18485	12.4615384615385
18495	12.4423076923077
18505	12.5000000000000
18515	12.4423076923077
18525	12.4423076923077
18535	12.4807692307692
18545	12.5000000000000
18555	12.5384615384615
18565	12.5000000000000
18575	12.5000000000000
18585	12.5000000000000
18595	12.4807692307692
18605	12.5384615384615
18615	12.5000000000000
18625	12.5192307692308
18635	12.5000000000000
18645	12.5192307692308
18655	12.5192307692308
18665	12.5192307692308
18675	12.5192307692308
18685	12.4807692307692
18695	12.5192307692308
18705	12.5769230769231
18715	12.5384615384615
18725	12.5769230769231
18735	12.5576923076923
18745	12.5769230769231
18755	12.5769230769231
18765	12.5576923076923
18775	12.5192307692308
18785	12.5769230769231
18795	12.5769230769231
18805	12.5576923076923
18815	12.6153846153846
18825	12.6153846153846
18835	12.5576923076923
18845	12.5576923076923
18855	12.5576923076923
18865	12.5576923076923
18875	12.6153846153846
18885	12.5576923076923
18895	12.5576923076923
18905	12.5961538461538
18915	12.5961538461538
18925	12.5961538461538
18935	12.5961538461538
18945	12.5576923076923
18955	12.6538461538462
18965	12.6538461538462
18975	12.6923076923077
18985	12.6923076923077
18995	12.6923076923077
19005	12.6346153846154
19015	12.6923076923077
19025	12.6346153846154
19035	12.5961538461538
19045	12.6346153846154
19055	12.6923076923077
19065	12.6346153846154
19075	12.6923076923077
19085	12.6346153846154
19095	12.6923076923077
19105	12.6923076923077
19115	12.6923076923077
19125	12.6346153846154
19135	12.7307692307692
19145	12.6730769230769
19155	12.6923076923077
19165	12.6730769230769
19175	12.6730769230769
19185	12.7307692307692
19195	12.6730769230769
19205	12.7115384615385
19215	12.7307692307692
19225	12.6730769230769
19235	12.7115384615385
19245	12.7115384615385
19255	12.7500000000000
19265	12.7115384615385
19275	12.7692307692308
19285	12.7500000000000
19295	12.7692307692308
19305	12.7500000000000
19315	12.7692307692308
19325	12.7115384615385
19335	12.7500000000000
19345	12.7500000000000
19355	12.7500000000000
19365	12.7500000000000
19375	12.7500000000000
19385	12.7692307692308
19395	12.7884615384615
19405	12.7500000000000
19415	12.7884615384615
19425	12.7884615384615
19435	12.8076923076923
19445	12.8076923076923
19455	12.8461538461538
19465	12.7884615384615
19475	12.7884615384615
19485	12.7884615384615
19495	12.8461538461538
19505	12.8461538461538
19515	12.8461538461538
19525	12.7884615384615
19535	12.8461538461538
19545	12.8269230769231
19555	12.8461538461538
19565	12.8269230769231
19575	12.8269230769231
19585	12.8846153846154
19595	12.8846153846154
19605	12.8269230769231
19615	12.8846153846154
19625	12.8846153846154
19635	12.8846153846154
19645	12.8653846153846
19655	12.8653846153846
19665	12.8846153846154
19675	12.8846153846154
19685	12.8846153846154
19695	12.8846153846154
19705	12.9038461538462
19715	12.8653846153846
19725	12.8653846153846
19735	12.9230769230769
19745	12.9230769230769
19755	12.8653846153846
19765	12.9230769230769
19775	12.9230769230769
19785	12.9230769230769
19795	12.9230769230769
19805	12.9038461538462
19815	12.8653846153846
19825	12.9038461538462
19835	12.9615384615385
19845	12.9423076923077
19855	12.9038461538462
19865	12.9230769230769
19875	12.9423076923077
19885	12.9615384615385
19895	12.9615384615385
19905	12.9615384615385
19915	12.9423076923077
19925	12.9615384615385
19935	12.9423076923077
19945	13
19955	13
19965	12.9807692307692
19975	12.9423076923077
19985	13
19995	12.9807692307692
20005	13
20015	13
20025	12.9807692307692
20035	12.9807692307692
20045	12.9807692307692
20055	12.9807692307692
20065	12.9807692307692
20075	12.9807692307692
20085	13.0192307692308
20095	12.9807692307692
20105	13.0384615384615
20115	12.9807692307692
20125	13
20135	13.0192307692308
20145	13.0192307692308
20155	12.9807692307692
20165	13.0192307692308
20175	13.0384615384615
20185	13.0192307692308
20195	13.0769230769231
20205	13.0576923076923
20215	13.0769230769231
20225	13.0769230769231
20235	13.0576923076923
20245	12.9807692307692
20255	13.0576923076923
20265	13.0769230769231
20275	12.9807692307692
20285	13.0769230769231
20295	13.0576923076923
20305	13.0576923076923
20315	13.0192307692308
20325	13.1153846153846
20335	13.1153846153846
20345	13.0576923076923
20355	13.0576923076923
20365	13.1153846153846
20375	13.1153846153846
20385	13.1153846153846
20395	13.0961538461538
20405	13.0576923076923
20415	13.0961538461538
20425	13.1153846153846
20435	13.1538461538462
20445	13.1153846153846
20455	13.1153846153846
20465	13.1538461538462
20475	13.0576923076923
20485	13.0961538461538
20495	13.0961538461538
20505	13.2307692307692
20515	13.1538461538462
20525	13.2307692307692
20535	13.1538461538462
20545	13.1923076923077
20555	13.0961538461538
20565	13.1346153846154
20575	13.1346153846154
20585	13.1346153846154
20595	13.1346153846154
20605	13.1346153846154
20615	13.1923076923077
20625	13.1923076923077
20635	13.1346153846154
20645	13.1730769230769
20655	13.2307692307692
20665	13.2307692307692
20675	13.2307692307692
20685	13.1923076923077
20695	13.2307692307692
20705	13.1923076923077
20715	13.1730769230769
20725	13.1346153846154
20735	13.1346153846154
20745	13.2115384615385
20755	13.2692307692308
20765	13.1730769230769
20775	13.2115384615385
20785	13.2115384615385
20795	13.3076923076923
20805	13.2692307692308
20815	13.2692307692308
20825	13.1730769230769
20835	13.3076923076923
20845	13.3076923076923
20855	13.3076923076923
20865	13.2115384615385
20875	13.2115384615385
20885	13.2884615384615
20895	13.2115384615385
20905	13.3076923076923
20915	13.3076923076923
20925	13.2115384615385
20935	13.2115384615385
20945	13.2500000000000
20955	13.2500000000000
20965	13.3461538461538
20975	13.2884615384615
20985	13.2500000000000
20995	13.3461538461538
21005	13.2884615384615
21015	13.2884615384615
21025	13.3461538461538
21035	13.2884615384615
21045	13.3461538461538
21055	13.2884615384615
21065	13.2884615384615
21075	13.2884615384615
21085	13.3269230769231
21095	13.2500000000000
21105	13.3846153846154
21115	13.3269230769231
21125	13.3846153846154
21135	13.3269230769231
21145	13.2500000000000
21155	13.3846153846154
21165	13.3269230769231
21175	13.3653846153846
21185	13.3653846153846
21195	13.3846153846154
21205	13.3653846153846
21215	13.3653846153846
21225	13.3846153846154
21235	13.3846153846154
21245	13.3653846153846
21255	13.4230769230769
21265	13.4230769230769
21275	13.4038461538462
21285	13.3846153846154
21295	13.3846153846154
21305	13.4230769230769
21315	13.4615384615385
21325	13.4038461538462
21335	13.4230769230769
21345	13.4038461538462
21355	13.4038461538462
21365	13.4038461538462
21375	13.4423076923077
21385	13.4615384615385
21395	13.4038461538462
21405	13.4038461538462
21415	13.4423076923077
21425	13.4615384615385
21435	13.4615384615385
21445	13.4038461538462
21455	13.4423076923077
21465	13.4807692307692
21475	13.5000000000000
21485	13.5000000000000
21495	13.4423076923077
21505	13.4423076923077
21515	13.5000000000000
21525	13.5000000000000
21535	13.4807692307692
21545	13.5192307692308
21555	13.5000000000000
21565	13.4807692307692
21575	13.4423076923077
21585	13.4807692307692
21595	13.5384615384615
21605	13.4807692307692
21615	13.4807692307692
21625	13.5384615384615
21635	13.4807692307692
21645	13.5192307692308
21655	13.5384615384615
21665	13.5384615384615
21675	13.4807692307692
21685	13.5384615384615
21695	13.5384615384615
21705	13.5769230769231
21715	13.5769230769231
21725	13.5769230769231
21735	13.5769230769231
21745	13.5192307692308
21755	13.5769230769231
21765	13.5769230769231
21775	13.5769230769231
21785	13.5961538461538
21795	13.5192307692308
21805	13.5961538461538
21815	13.6153846153846
21825	13.5769230769231
21835	13.5961538461538
21845	13.5961538461538
21855	13.5576923076923
21865	13.5576923076923
21875	13.5961538461538
21885	13.6153846153846
21895	13.5576923076923
21905	13.6538461538462
21915	13.5576923076923
21925	13.6346153846154
21935	13.6538461538462
21945	13.5576923076923
21955	13.6538461538462
21965	13.5576923076923
21975	13.5961538461538
21985	13.5576923076923
21995	13.6538461538462
22005	13.6538461538462
22015	13.6346153846154
22025	13.6538461538462
22035	13.6923076923077
22045	13.6923076923077
22055	13.6538461538462
22065	13.6346153846154
22075	13.6538461538462
22085	13.6730769230769
22095	13.6538461538462
22105	13.6923076923077
22115	13.6923076923077
22125	13.6923076923077
22135	13.6923076923077
22145	13.6923076923077
22155	13.6923076923077
22165	13.6730769230769
22175	13.7307692307692
22185	13.7307692307692
22195	13.6730769230769
22205	13.6923076923077
22215	13.6730769230769
22225	13.7307692307692
22235	13.6730769230769
22245	13.6730769230769
22255	13.7115384615385
22265	13.6730769230769
22275	13.6730769230769
22285	13.7692307692308
22295	13.7115384615385
22305	13.7115384615385
22315	13.7692307692308
22325	13.6730769230769
22335	13.7692307692308
22345	13.6730769230769
22355	13.6730769230769
22365	13.7692307692308
22375	13.7115384615385
22385	13.8076923076923
22395	13.7115384615385
22405	13.7692307692308
22415	13.8076923076923
22425	13.8076923076923
22435	13.7115384615385
22445	13.8076923076923
22455	13.8076923076923
22465	13.8076923076923
22475	13.7500000000000
22485	13.8076923076923
22495	13.8076923076923
22505	13.7500000000000
22515	13.8461538461538
22525	13.7500000000000
22535	13.8846153846154
22545	13.8461538461538
22555	13.7884615384615
22565	13.7884615384615
22575	13.7884615384615
22585	13.7884615384615
22595	13.7884615384615
22605	13.8846153846154
22615	13.8269230769231
22625	13.7884615384615
22635	13.8846153846154
22645	13.8461538461538
22655	13.8846153846154
22665	13.7884615384615
22675	13.8269230769231
22685	13.8269230769231
22695	13.8461538461538
22705	13.7884615384615
22715	13.9230769230769
22725	13.7884615384615
22735	13.9230769230769
22745	13.7884615384615
22755	13.9230769230769
22765	13.9230769230769
22775	13.8653846153846
22785	13.8846153846154
22795	13.8653846153846
22805	13.8269230769231
22815	13.9230769230769
22825	13.9230769230769
22835	13.9615384615385
22845	13.9615384615385
22855	13.9230769230769
22865	13.8653846153846
22875	13.9615384615385
22885	13.8653846153846
22895	13.9038461538462
22905	13.9230769230769
22915	13.8653846153846
22925	13.8269230769231
22935	13.8653846153846
22945	13.9038461538462
22955	13.9423076923077
22965	13.9038461538462
22975	13.9423076923077
22985	13.8653846153846
22995	13.9423076923077
23005	13.9423076923077
23015	13.9038461538462
23025	14
23035	13.9038461538462
23045	13.9038461538462
23055	13.9807692307692
23065	14.0384615384615
23075	13.9807692307692
23085	14
23095	13.9807692307692
23105	14.0384615384615
23115	14.0192307692308
23125	13.9807692307692
23135	14.0384615384615
23145	14.0384615384615
23155	13.9807692307692
23165	14.0769230769231
23175	14.0769230769231
23185	14.0384615384615
23195	14.0769230769231
23205	14.0384615384615
23215	14.0769230769231
23225	14.0769230769231
23235	14.0192307692308
23245	14.0192307692308
23255	13.9807692307692
23265	14.0769230769231
23275	14.0192307692308
23285	14.0769230769231
23295	14.0769230769231
23305	14.0192307692308
23315	14.0769230769231
23325	14.0769230769231
23335	14.0769230769231
23345	14.0769230769231
23355	14.1153846153846
23365	14.0961538461538
23375	14.1538461538462
23385	13.9807692307692
23395	14.1153846153846
23405	14.1538461538462
23415	14.0961538461538
23425	14.0576923076923
23435	14.0961538461538
23445	14.0961538461538
23455	14.0961538461538
23465	14.0961538461538
23475	14.0576923076923
23485	14.0961538461538
23495	14.1538461538462
23505	14.0961538461538
23515	14.0576923076923
23525	14.0961538461538
23535	14.0576923076923
23545	14.1538461538462
23555	14.1538461538462
23565	14.1923076923077
23575	14.0961538461538
23585	14.0961538461538
23595	14.1346153846154
23605	14.1346153846154
23615	14.1346153846154
23625	14.0961538461538
23635	14.1923076923077
23645	14.1346153846154
23655	14.1923076923077
23665	14.1923076923077
23675	14.1730769230769
23685	14.0576923076923
23695	14.1923076923077
23705	14.1730769230769
23715	14.2307692307692
23725	14.2307692307692
23735	14.1730769230769
23745	14.1346153846154
23755	14.1730769230769
23765	14.1730769230769
23775	14.1730769230769
23785	14.2692307692308
23795	14.2692307692308
23805	14.2692307692308
23815	14.2692307692308
23825	14.1730769230769
23835	14.2115384615385
23845	14.1730769230769
23855	14.1730769230769
23865	14.2115384615385
23875	14.2692307692308
23885	14.2692307692308
23895	14.2692307692308
23905	14.3076923076923
23915	14.3076923076923
23925	14.3076923076923
23935	14.3076923076923
23945	14.2884615384615
23955	14.2500000000000
23965	14.2884615384615
23975	14.2692307692308
23985	14.2500000000000
23995	14.2884615384615
24005	14.3076923076923
24015	14.3076923076923
24025	14.2884615384615
24035	14.3846153846154
24045	14.2884615384615
24055	14.3461538461538
24065	14.3076923076923
24075	14.3461538461538
24085	14.3461538461538
24095	14.3076923076923
24105	14.2884615384615
24115	14.3269230769231
24125	14.3076923076923
24135	14.3461538461538
24145	14.3461538461538
24155	14.3461538461538
24165	14.3461538461538
24175	14.3269230769231
24185	14.3653846153846
24195	14.3269230769231
24205	14.3846153846154
24215	14.3846153846154
24225	14.3269230769231
24235	14.3846153846154
24245	14.3269230769231
24255	14.3653846153846
24265	14.3269230769231
24275	14.4038461538462
24285	14.3653846153846
24295	14.3846153846154
24305	14.4230769230769
24315	14.4038461538462
24325	14.4038461538462
24335	14.4038461538462
24345	14.4230769230769
24355	14.3653846153846
24365	14.4038461538462
24375	14.4230769230769
24385	14.4038461538462
24395	14.4038461538462
24405	14.3653846153846
24415	14.4038461538462
24425	14.4038461538462
24435	14.4807692307692
24445	14.4230769230769
24455	14.5000000000000
24465	14.4423076923077
24475	14.4423076923077
24485	14.4423076923077
24495	14.4615384615385
24505	14.4615384615385
24515	14.4423076923077
24525	14.4423076923077
24535	14.5000000000000
24545	14.5384615384615
24555	14.5000000000000
24565	14.5384615384615
24575	14.5000000000000
24585	14.4423076923077
24595	14.5000000000000
24605	14.4423076923077
24615	14.4423076923077
24625	14.5384615384615
24635	14.5000000000000
24645	14.5384615384615
24655	14.4423076923077
24665	14.5769230769231
24675	14.5769230769231
24685	14.5769230769231
24695	14.4423076923077
24705	14.5384615384615
24715	14.5384615384615
24725	14.5769230769231
24735	14.5384615384615
24745	14.5192307692308
24755	14.5384615384615
24765	14.6153846153846
24775	14.5192307692308
24785	14.5769230769231
24795	14.5576923076923
24805	14.5769230769231
24815	14.6153846153846
24825	14.5576923076923
24835	14.5769230769231
24845	14.5192307692308
24855	14.5576923076923
24865	14.5576923076923
24875	14.5576923076923
24885	14.5576923076923
24895	14.5192307692308
24905	14.5576923076923
24915	14.6153846153846
24925	14.6153846153846
24935	14.5192307692308
24945	14.5192307692308
24955	14.5961538461538
24965	14.5576923076923
24975	14.5576923076923
24985	14.5961538461538
24995	14.5961538461538
25005	14.5961538461538
25015	14.5576923076923
25025	14.5576923076923
25035	14.5576923076923
25045	14.5576923076923
25055	14.6923076923077
25065	14.5961538461538
25075	14.6923076923077
25085	14.6923076923077
25095	14.6923076923077
25105	14.6923076923077
25115	14.6923076923077
25125	14.5576923076923
25135	14.5961538461538
25145	14.5961538461538
25155	14.6923076923077
25165	14.6923076923077
25175	14.6923076923077
25185	14.6346153846154
25195	14.6346153846154
25205	14.6346153846154
25215	14.6923076923077
25225	14.7307692307692
25235	14.6346153846154
25245	14.6346153846154
25255	14.6346153846154
25265	14.7307692307692
25275	14.6346153846154
25285	14.7307692307692
25295	14.7307692307692
25305	14.7307692307692
25315	14.7307692307692
25325	14.7307692307692
25335	14.7307692307692
25345	14.7307692307692
25355	14.7307692307692
25365	14.6346153846154
25375	14.7307692307692
25385	14.7307692307692
25395	14.7115384615385
25405	14.7115384615385
25415	14.6346153846154
25425	14.7115384615385
25435	14.7692307692308
25445	14.7692307692308
25455	14.7692307692308
25465	14.7692307692308
25475	14.7692307692308
25485	14.7115384615385
25495	14.7115384615385
25505	14.7115384615385
25515	14.7500000000000
25525	14.7115384615385
25535	14.7115384615385
25545	14.7115384615385
25555	14.7115384615385
25565	14.7115384615385
25575	14.7115384615385
25585	14.7115384615385
25595	14.7115384615385
25605	14.7692307692308
25615	14.8846153846154
25625	14.7692307692308
25635	14.7115384615385
25645	14.7500000000000
25655	14.8076923076923
25665	14.8846153846154
25675	14.7500000000000
25685	14.8846153846154
25695	14.8076923076923
25705	14.8076923076923
25715	14.8846153846154
25725	14.7500000000000
25735	14.8269230769231
25745	14.8846153846154
25755	14.8846153846154
25765	14.8076923076923
25775	14.8846153846154
25785	14.7500000000000
25795	14.8846153846154
25805	14.8269230769231
25815	14.9230769230769
25825	14.8076923076923
25835	14.8269230769231
25845	14.8461538461538
25855	14.8269230769231
25865	14.8461538461538
25875	14.9230769230769
25885	14.7884615384615
25895	14.9230769230769
25905	14.7884615384615
25915	14.8461538461538
25925	14.8269230769231
25935	14.9230769230769
25945	14.7884615384615
25955	14.7884615384615
25965	14.9230769230769
25975	14.9230769230769
25985	15
25995	14.8269230769231
26005	14.9423076923077
26015	14.8653846153846
26025	15
26035	14.9230769230769
26045	14.9423076923077
26055	15
26065	15
26075	14.9615384615385
26085	15
26095	14.9423076923077
26105	14.9423076923077
26115	14.9423076923077
26125	14.9423076923077
26135	14.9423076923077
26145	15.0384615384615
26155	15.0384615384615
26165	14.9038461538462
26175	15.0384615384615
26185	14.9423076923077
26195	15.0384615384615
26205	14.9615384615385
26215	15.0384615384615
26225	15.0384615384615
26235	15
26245	15.0192307692308
26255	14.9807692307692
26265	15.0384615384615
26275	15.0384615384615
26285	14.9807692307692
26295	15.0769230769231
26305	15.0192307692308
26315	15.0192307692308
26325	15.0192307692308
26335	15.0192307692308
26345	15.0384615384615
26355	14.9807692307692
26365	15.0384615384615
26375	15.0192307692308
26385	15.0961538461538
26395	15.0576923076923
26405	15.0961538461538
26415	15.0192307692308
26425	15.0192307692308
26435	15.1153846153846
26445	15.0192307692308
26455	15.0576923076923
26465	15.1153846153846
26475	15.1153846153846
26485	15.0192307692308
26495	15.0961538461538
26505	15.0576923076923
26515	15.1538461538462
26525	15.1538461538462
26535	15.1153846153846
26545	15.0961538461538
26555	15.0961538461538
26565	15.1538461538462
26575	15.1538461538462
26585	15.1153846153846
26595	15.0961538461538
26605	15.1538461538462
26615	15.1538461538462
26625	15.1538461538462
26635	15.0961538461538
26645	15.1923076923077
26655	15.1346153846154
26665	15.1538461538462
26675	15.1538461538462
26685	15.1538461538462
26695	15.1923076923077
26705	15.1346153846154
26715	15.1346153846154
26725	15.1923076923077
26735	15.1346153846154
26745	15.1346153846154
26755	15.2307692307692
26765	15.2692307692308
26775	15.1346153846154
26785	15.1923076923077
26795	15.2307692307692
26805	15.2692307692308
26815	15.2692307692308
26825	15.1346153846154
26835	15.1346153846154
26845	15.2307692307692
26855	15.2307692307692
26865	15.1730769230769
26875	15.1346153846154
26885	15.2692307692308
26895	15.2692307692308
26905	15.2692307692308
26915	15.2307692307692
26925	15.2692307692308
26935	15.2692307692308
26945	15.2692307692308
26955	15.2307692307692
26965	15.2500000000000
26975	15.2692307692308
26985	15.3461538461538
26995	15.2500000000000
27005	15.2500000000000
27015	15.2115384615385
27025	15.3076923076923
27035	15.3076923076923
27045	15.2115384615385
27055	15.3461538461538
27065	15.2115384615385
27075	15.2115384615385
27085	15.3461538461538
27095	15.2500000000000
27105	15.3461538461538
27115	15.3076923076923
27125	15.3076923076923
27135	15.2500000000000
27145	15.2500000000000
27155	15.3269230769231
27165	15.2884615384615
27175	15.3076923076923
27185	15.3846153846154
27195	15.2115384615385
27205	15.2884615384615
27215	15.3269230769231
27225	15.3846153846154
27235	15.3269230769231
27245	15.3846153846154
27255	15.2884615384615
27265	15.3846153846154
27275	15.3846153846154
27285	15.4230769230769
27295	15.3653846153846
27305	15.2884615384615
27315	15.3653846153846
27325	15.3846153846154
27335	15.4230769230769
27345	15.3269230769231
27355	15.3269230769231
27365	15.3846153846154
27375	15.4230769230769
27385	15.3846153846154
27395	15.4615384615385
27405	15.4230769230769
27415	15.3846153846154
27425	15.4230769230769
27435	15.4230769230769
27445	15.4230769230769
27455	15.4230769230769
27465	15.3269230769231
27475	15.3653846153846
27485	15.3653846153846
27495	15.2884615384615
27505	15.3269230769231
27515	15.3653846153846
27525	15.5000000000000
27535	15.3653846153846
27545	15.5000000000000
27555	15.5000000000000
27565	15.4038461538462
27575	15.4615384615385
27585	15.4615384615385
27595	15.3653846153846
27605	15.5000000000000
27615	15.4038461538462
27625	15.4615384615385
27635	15.5384615384615
27645	15.4807692307692
27655	15.4038461538462
27665	15.4807692307692
27675	15.4423076923077
27685	15.4423076923077
27695	15.5769230769231
27705	15.4807692307692
27715	15.4807692307692
27725	15.4807692307692
27735	15.5384615384615
27745	15.5769230769231
27755	15.5000000000000
27765	15.4807692307692
27775	15.4807692307692
27785	15.4807692307692
27795	15.5384615384615
27805	15.4807692307692
27815	15.4807692307692
27825	15.5576923076923
27835	15.4807692307692
27845	15.4807692307692
27855	15.5192307692308
27865	15.4807692307692
27875	15.4807692307692
27885	15.5192307692308
27895	15.6153846153846
27905	15.4807692307692
27915	15.4807692307692
27925	15.5576923076923
27935	15.6153846153846
27945	15.5576923076923
27955	15.5192307692308
27965	15.5576923076923
27975	15.5576923076923
27985	15.5576923076923
27995	15.5576923076923
28005	15.6538461538462
28015	15.4807692307692
28025	15.5576923076923
28035	15.6538461538462
28045	15.5576923076923
28055	15.6153846153846
28065	15.6538461538462
28075	15.5192307692308
28085	15.5576923076923
28095	15.5961538461538
28105	15.5961538461538
28115	15.5961538461538
28125	15.5961538461538
28135	15.6346153846154
28145	15.5961538461538
28155	15.5192307692308
28165	15.6923076923077
28175	15.6538461538462
28185	15.6538461538462
28195	15.5961538461538
28205	15.6923076923077
28215	15.6923076923077
28225	15.6346153846154
28235	15.6923076923077
28245	15.5961538461538
28255	15.6346153846154
28265	15.6346153846154
28275	15.6923076923077
28285	15.6923076923077
28295	15.6346153846154
28305	15.6346153846154
28315	15.6538461538462
28325	15.6923076923077
28335	15.6923076923077
28345	15.6923076923077
28355	15.6923076923077
28365	15.6346153846154
28375	15.6730769230769
28385	15.6730769230769
28395	15.6730769230769
28405	15.6923076923077
28415	15.7307692307692
28425	15.6730769230769
28435	15.7307692307692
28445	15.7307692307692
28455	15.6730769230769
28465	15.7307692307692
28475	15.6730769230769
28485	15.6730769230769
28495	15.7307692307692
28505	15.6923076923077
28515	15.6730769230769
28525	15.7692307692308
28535	15.7692307692308
28545	15.7692307692308
28555	15.7692307692308
28565	15.7307692307692
28575	15.6730769230769
28585	15.7692307692308
28595	15.7692307692308
28605	15.7500000000000
28615	15.7307692307692
28625	15.6730769230769
28635	15.6730769230769
28645	15.8076923076923
28655	15.8076923076923
28665	15.7115384615385
28675	15.7500000000000
28685	15.8076923076923
28695	15.7115384615385
28705	15.7692307692308
28715	15.7115384615385
28725	15.7115384615385
28735	15.7692307692308
28745	15.7115384615385
28755	15.8076923076923
28765	15.7115384615385
28775	15.7500000000000
28785	15.7500000000000
28795	15.7115384615385
28805	15.7115384615385
28815	15.8076923076923
28825	15.7500000000000
28835	15.7500000000000
28845	15.8269230769231
28855	15.7115384615385
28865	15.8846153846154
28875	15.7115384615385
28885	15.8076923076923
28895	15.8076923076923
28905	15.8846153846154
28915	15.7884615384615
28925	15.8269230769231
28935	15.8461538461538
28945	15.7884615384615
28955	15.7884615384615
28965	15.9230769230769
28975	15.8461538461538
28985	15.8269230769231
28995	15.8269230769231
29005	15.8846153846154
29015	15.8076923076923
29025	15.9230769230769
29035	15.8269230769231
29045	15.8846153846154
29055	15.7884615384615
29065	15.9230769230769
29075	15.7884615384615
29085	15.9230769230769
29095	15.8846153846154
29105	15.9230769230769
29115	15.8846153846154
29125	15.8846153846154
29135	15.8653846153846
29145	15.9230769230769
29155	15.9038461538462
29165	15.9615384615385
29175	15.8653846153846
29185	15.9615384615385
29195	15.9615384615385
29205	15.9038461538462
29215	16
29225	15.9615384615385
29235	15.8653846153846
29245	15.9038461538462
29255	15.9615384615385
29265	15.9038461538462
29275	15.9615384615385
29285	16
29295	15.9423076923077
29305	15.9230769230769
29315	15.9038461538462
29325	15.9038461538462
29335	16
29345	16.0384615384615
29355	16
29365	16
29375	16
29385	15.9615384615385
29395	16
29405	16.0384615384615
29415	16
29425	15.9038461538462
29435	15.8653846153846
29445	16
29455	16.0384615384615
29465	16.0769230769231
29475	15.9423076923077
29485	16.0769230769231
29495	16.0769230769231
29505	16.0384615384615
29515	16.0769230769231
29525	15.9423076923077
29535	16.0384615384615
29545	15.9807692307692
29555	16.0769230769231
29565	16.0769230769231
29575	16.0576923076923
29585	16.0769230769231
29595	16.0192307692308
29605	15.9038461538462
29615	16.0384615384615
29625	16.0769230769231
29635	16.1153846153846
29645	16.0769230769231
29655	16.1153846153846
29665	15.9807692307692
29675	16.1153846153846
29685	16.1153846153846
29695	16.0192307692308
29705	15.9807692307692
29715	16.0576923076923
29725	16.1153846153846
29735	16.1153846153846
29745	16.0961538461538
29755	16.1153846153846
29765	16.0961538461538
29775	16.1153846153846
29785	16.0576923076923
29795	16.0961538461538
29805	16.0961538461538
29815	16.0961538461538
29825	16.0576923076923
29835	16.0576923076923
29845	16.0961538461538
29855	16.0961538461538
29865	16.0961538461538
29875	16.0576923076923
29885	16.0961538461538
29895	16.0961538461538
29905	16.0961538461538
29915	16.0961538461538
29925	16.0961538461538
29935	16.1923076923077
29945	16.1538461538462
29955	16.2692307692308
29965	16.0961538461538
29975	16.1346153846154
29985	16.1346153846154
29995	16.1346153846154
30005	16.1346153846154
30015	16.1346153846154
30025	16.0961538461538
30035	16.1346153846154
30045	16.0576923076923
30055	16.1346153846154
30065	16.1923076923077
30075	16.2307692307692
30085	16.1730769230769
30095	16.1923076923077
30105	16.2692307692308
30115	16.2307692307692
30125	16.2692307692308
30135	16.2307692307692
30145	16.1346153846154
30155	16.2692307692308
30165	16.2692307692308
30175	16.2692307692308
30185	16.1730769230769
30195	16.2692307692308
30205	16.2692307692308
30215	16.1730769230769
30225	16.2500000000000
30235	16.2692307692308
30245	16.2692307692308
30255	16.2307692307692
30265	16.2115384615385
30275	16.1346153846154
30285	16.2115384615385
30295	16.2115384615385
30305	16.2500000000000
30315	16.3076923076923
30325	16.2500000000000
30335	16.2115384615385
30345	16.2500000000000
30355	16.1730769230769
30365	16.3269230769231
30375	16.2115384615385
30385	16.2115384615385
30395	16.2115384615385
30405	16.2500000000000
30415	16.3269230769231
30425	16.2115384615385
30435	16.3461538461538
30445	16.2884615384615
30455	16.2115384615385
30465	16.1730769230769
30475	16.3461538461538
30485	16.2500000000000
30495	16.3269230769231
30505	16.3269230769231
30515	16.3269230769231
30525	16.3269230769231
30535	16.3269230769231
30545	16.3269230769231
30555	16.3461538461538
30565	16.3269230769231
30575	16.2115384615385
30585	16.3846153846154
30595	16.2884615384615
30605	16.3846153846154
30615	16.3846153846154
30625	16.3846153846154
30635	16.3269230769231
30645	16.3269230769231
30655	16.3846153846154
30665	16.3846153846154
30675	16.3846153846154
30685	16.3846153846154
30695	16.3461538461538
30705	16.3461538461538
30715	16.3846153846154
30725	16.3846153846154
30735	16.3846153846154
30745	16.2884615384615
30755	16.4615384615385
30765	16.3846153846154
30775	16.4230769230769
30785	16.3846153846154
30795	16.4615384615385
30805	16.4615384615385
30815	16.3653846153846
30825	16.3653846153846
30835	16.4038461538462
30845	16.4230769230769
30855	16.4038461538462
30865	16.3653846153846
30875	16.4038461538462
30885	16.3653846153846
30895	16.4038461538462
30905	16.5000000000000
30915	16.5384615384615
30925	16.3653846153846
30935	16.3653846153846
30945	16.3653846153846
30955	16.4038461538462
30965	16.4615384615385
30975	16.4423076923077
30985	16.4423076923077
30995	16.4038461538462
31005	16.5000000000000
31015	16.5000000000000
31025	16.5000000000000
31035	16.5000000000000
31045	16.5000000000000
31055	16.5384615384615
31065	16.5384615384615
31075	16.5000000000000
31085	16.5000000000000
31095	16.3653846153846
31105	16.3653846153846
31115	16.4423076923077
31125	16.4423076923077
31135	16.5000000000000
31145	16.5000000000000
31155	16.4423076923077
31165	16.3653846153846
31175	16.5000000000000
31185	16.3653846153846
31195	16.5576923076923
31205	16.4423076923077
31215	16.4423076923077
31225	16.4423076923077
31235	16.5576923076923
31245	16.5769230769231
31255	16.4423076923077
31265	16.5576923076923
31275	16.5576923076923
31285	16.5576923076923
31295	16.5576923076923
31305	16.6153846153846
31315	16.4807692307692
31325	16.4423076923077
31335	16.5576923076923
31345	16.3653846153846
31355	16.6153846153846
31365	16.6153846153846
31375	16.6153846153846
31385	16.5192307692308
31395	16.5576923076923
31405	16.5961538461538
31415	16.5192307692308
31425	16.5192307692308
31435	16.6153846153846
31445	16.5576923076923
31455	16.5192307692308
31465	16.5576923076923
31475	16.5576923076923
31485	16.6153846153846
31495	16.6538461538462
31505	16.5961538461538
31515	16.5961538461538
31525	16.6153846153846
31535	16.5576923076923
31545	16.6923076923077
31555	16.6153846153846
31565	16.6538461538462
31575	16.5192307692308
31585	16.6346153846154
31595	16.5961538461538
31605	16.6538461538462
31615	16.6153846153846
31625	16.6346153846154
31635	16.5576923076923
31645	16.6923076923077
31655	16.5961538461538
31665	16.6346153846154
31675	16.6923076923077
31685	16.6923076923077
31695	16.6923076923077
31705	16.6538461538462
31715	16.6923076923077
31725	16.6923076923077
31735	16.6923076923077
31745	16.6346153846154
31755	16.6346153846154
31765	16.7692307692308
31775	16.6923076923077
31785	16.7692307692308
31795	16.6923076923077
31805	16.7692307692308
31815	16.6346153846154
31825	16.6923076923077
31835	16.6923076923077
31845	16.6923076923077
31855	16.7692307692308
31865	16.6923076923077
31875	16.7692307692308
31885	16.6538461538462
31895	16.7307692307692
31905	16.7307692307692
31915	16.7692307692308
31925	16.7692307692308
31935	16.6923076923077
31945	16.7692307692308
31955	16.7115384615385
31965	16.8076923076923
31975	16.6730769230769
31985	16.7692307692308
31995	16.8076923076923
32005	16.8076923076923
32015	16.7115384615385
32025	16.7307692307692
32035	16.7884615384615
32045	16.7500000000000
32055	16.7884615384615
32065	16.6346153846154
32075	16.7884615384615
32085	16.7307692307692
32095	16.7884615384615
32105	16.8076923076923
32115	16.7500000000000
32125	16.8461538461538
32135	16.7500000000000
32145	16.7500000000000
32155	16.8076923076923
32165	16.7500000000000
32175	16.7884615384615
32185	16.7884615384615
32195	16.7884615384615
32205	16.7884615384615
32215	16.7884615384615
32225	16.7884615384615
32235	16.7884615384615
32245	16.7884615384615
32255	16.8846153846154
32265	16.8461538461538
32275	16.8076923076923
32285	16.8269230769231
32295	16.8269230769231
32305	16.8269230769231
32315	16.8269230769231
32325	16.8269230769231
32335	16.8269230769231
32345	16.8846153846154
32355	16.8269230769231
32365	16.8846153846154
32375	16.8846153846154
32385	16.8846153846154
32395	16.8653846153846
32405	16.8269230769231
32415	16.9230769230769
32425	16.8846153846154
32435	16.9230769230769
32445	16.8653846153846
32455	16.8846153846154
32465	16.8846153846154
32475	16.8269230769231
32485	16.9038461538462
32495	16.8846153846154
32505	16.9230769230769
32515	16.9615384615385
32525	16.9615384615385
32535	16.8653846153846
32545	16.8653846153846
32555	16.9615384615385
32565	16.9615384615385
32575	16.8653846153846
32585	17
32595	16.8653846153846
32605	16.9038461538462
32615	16.8653846153846
32625	16.9615384615385
32635	16.9423076923077
32645	16.9615384615385
32655	16.9423076923077
32665	16.9038461538462
32675	16.9423076923077
32685	16.9615384615385
32695	16.9423076923077
32705	16.9038461538462
32715	16.9615384615385
32725	17
32735	16.8653846153846
32745	16.9423076923077
32755	16.9423076923077
32765	16.9423076923077
32775	17.0384615384615
32785	16.9423076923077
32795	16.9615384615385
32805	16.9423076923077
32815	17
32825	17
32835	17.0192307692308
32845	17.0192307692308
32855	17.0384615384615
32865	16.9423076923077
32875	17
32885	17.0384615384615
32895	16.9423076923077
32905	16.9807692307692
32915	16.9423076923077
32925	16.9423076923077
32935	16.9807692307692
32945	16.9807692307692
32955	17.0192307692308
32965	17.0192307692308
32975	17.0192307692308
32985	16.9807692307692
32995	16.9807692307692
33005	16.9807692307692
33015	17.0961538461538
33025	16.9423076923077
33035	17.0961538461538
33045	17.0192307692308
33055	16.9807692307692
33065	17.0192307692308
33075	17.1153846153846
33085	17.0192307692308
33095	17.0192307692308
33105	17.0576923076923
33115	17.0961538461538
33125	17.0576923076923
33135	17.0961538461538
33145	17.0576923076923
33155	17.0576923076923
33165	17.1153846153846
33175	17.0192307692308
33185	17.1153846153846
33195	17.0192307692308
33205	17.0576923076923
33215	17.1923076923077
33225	17.1346153846154
33235	17.1538461538462
33245	17.1538461538462
33255	17.1923076923077
33265	17.0192307692308
33275	17.2307692307692
33285	17.2307692307692
33295	17.0576923076923
33305	17.2307692307692
33315	17.1923076923077
33325	17.1923076923077
33335	17.1923076923077
33345	17.1923076923077
33355	17.1923076923077
33365	17.2307692307692
33375	17.1923076923077
33385	17.0576923076923
33395	17.2307692307692
33405	17.2307692307692
33415	17.1346153846154
33425	17.1923076923077
33435	17.2307692307692
33445	17.2307692307692
33455	17.1923076923077
33465	17.2307692307692
33475	17.2692307692308
33485	17.2692307692308
33495	17.2307692307692
33505	17.2307692307692
33515	17.2307692307692
33525	17.2692307692308
33535	17.2307692307692
33545	17.2692307692308
33555	17.2692307692308
33565	17.2692307692308
33575	17.2115384615385
33585	17.2115384615385
33595	17.2115384615385
33605	17.2115384615385
33615	17.2115384615385
33625	17.1730769230769
33635	17.1730769230769
33645	17.3076923076923
33655	17.2115384615385
33665	17.2115384615385
33675	17.3076923076923
33685	17.2115384615385
33695	17.2692307692308
33705	17.2500000000000
33715	17.3076923076923
33725	17.3076923076923
33735	17.2115384615385
33745	17.2692307692308
33755	17.2115384615385
33765	17.2692307692308
33775	17.3461538461538
33785	17.2692307692308
33795	17.2500000000000
33805	17.2692307692308
33815	17.2500000000000
33825	17.2115384615385
33835	17.2115384615385
33845	17.2500000000000
33855	17.2115384615385
33865	17.2500000000000
33875	17.3461538461538
33885	17.3269230769231
33895	17.3076923076923
33905	17.3076923076923
33915	17.2115384615385
33925	17.3461538461538
33935	17.3461538461538
33945	17.3461538461538
33955	17.2884615384615
33965	17.3461538461538
33975	17.3461538461538
33985	17.3461538461538
33995	17.3461538461538
34005	17.3461538461538
34015	17.3846153846154
34025	17.3461538461538
34035	17.3846153846154
34045	17.3461538461538
34055	17.3846153846154
34065	17.3846153846154
34075	17.3846153846154
34085	17.4230769230769
34095	17.2500000000000
34105	17.3846153846154
34115	17.4230769230769
34125	17.3846153846154
34135	17.3846153846154
34145	17.3461538461538
34155	17.3846153846154
34165	17.3653846153846
34175	17.3269230769231
34185	17.3846153846154
34195	17.3846153846154
34205	17.3653846153846
34215	17.3846153846154
34225	17.3269230769231
34235	17.4038461538462
34245	17.3653846153846
34255	17.4230769230769
34265	17.4230769230769
34275	17.4230769230769
34285	17.4230769230769
34295	17.4230769230769
34305	17.4230769230769
34315	17.3846153846154
34325	17.4615384615385
34335	17.3653846153846
34345	17.4038461538462
34355	17.4230769230769
34365	17.4038461538462
34375	17.4038461538462
34385	17.4038461538462
34395	17.4038461538462
34405	17.4038461538462
34415	17.4038461538462
34425	17.4615384615385
34435	17.4038461538462
34445	17.4038461538462
34455	17.4038461538462
34465	17.4038461538462
34475	17.3846153846154
34485	17.4615384615385
34495	17.4615384615385
34505	17.4615384615385
34515	17.5000000000000
34525	17.5000000000000
34535	17.5000000000000
34545	17.5000000000000
34555	17.4038461538462
34565	17.4423076923077
34575	17.5000000000000
34585	17.5000000000000
34595	17.5000000000000
34605	17.5000000000000
34615	17.5000000000000
34625	17.4423076923077
34635	17.5384615384615
34645	17.5000000000000
34655	17.4423076923077
34665	17.5384615384615
34675	17.4423076923077
34685	17.5384615384615
34695	17.5384615384615
34705	17.4807692307692
34715	17.4423076923077
34725	17.5192307692308
34735	17.4807692307692
34745	17.4423076923077
34755	17.5576923076923
34765	17.4807692307692
34775	17.4423076923077
34785	17.5000000000000
34795	17.4807692307692
34805	17.5769230769231
34815	17.6538461538462
34825	17.4423076923077
34835	17.4423076923077
34845	17.5769230769231
34855	17.6153846153846
34865	17.4807692307692
34875	17.4423076923077
34885	17.4423076923077
34895	17.4423076923077
34905	17.5576923076923
34915	17.4807692307692
34925	17.5192307692308
34935	17.4807692307692
34945	17.5961538461538
34955	17.5576923076923
34965	17.5192307692308
34975	17.4807692307692
34985	17.6538461538462
34995	17.5576923076923
35005	17.5192307692308
35015	17.5576923076923
35025	17.5192307692308
35035	17.6538461538462
35045	17.7307692307692
35055	17.5192307692308
35065	17.5576923076923
35075	17.5192307692308
35085	17.5576923076923
35095	17.5576923076923
35105	17.7307692307692
35115	17.7307692307692
35125	17.7307692307692
35135	17.6923076923077
35145	17.5192307692308
35155	17.4807692307692
35165	17.6923076923077
35175	17.7307692307692
35185	17.5961538461538
35195	17.5192307692308
35205	17.5192307692308
35215	17.6923076923077
35225	17.5961538461538
35235	17.7307692307692
35245	17.6346153846154
35255	17.7307692307692
35265	17.6923076923077
35275	17.5961538461538
35285	17.7307692307692
35295	17.7307692307692
35305	17.5961538461538
35315	17.5961538461538
35325	17.7307692307692
35335	17.6923076923077
35345	17.6346153846154
35355	17.6346153846154
35365	17.7692307692308
35375	17.7692307692308
35385	17.5961538461538
35395	17.6346153846154
35405	17.6346153846154
35415	17.5961538461538
35425	17.7115384615385
35435	17.6346153846154
35445	17.6730769230769
35455	17.6730769230769
35465	17.7692307692308
35475	17.7692307692308
35485	17.5961538461538
35495	17.6346153846154
35505	17.7500000000000
35515	17.7500000000000
35525	17.7115384615385
35535	17.6346153846154
35545	17.6730769230769
35555	17.6346153846154
35565	17.6730769230769
35575	17.8076923076923
35585	17.6346153846154
35595	17.8076923076923
35605	17.8076923076923
35615	17.7500000000000
35625	17.7500000000000
35635	17.7884615384615
35645	17.8076923076923
35655	17.7115384615385
35665	17.7115384615385
35675	17.7115384615385
35685	17.7884615384615
35695	17.7500000000000
35705	17.7884615384615
35715	17.8461538461538
35725	17.8269230769231
35735	17.8269230769231
35745	17.7500000000000
35755	17.7115384615385
35765	17.9230769230769
35775	17.7884615384615
35785	17.7884615384615
35795	17.9230769230769
35805	17.8461538461538
35815	17.9230769230769
35825	17.8461538461538
35835	17.9230769230769
35845	17.7115384615385
35855	17.7884615384615
35865	17.8653846153846
35875	17.7884615384615
35885	17.7884615384615
35895	17.8846153846154
35905	17.8846153846154
35915	17.7884615384615

