0.1 1.117029564250191e-04 6.701165072069604e+00
0.2 1.605291587505100e-04 7.003245760201885e+00
0.3 1.868120307485807e-04 6.851563339598363e+00
0.4 2.120712700082720e-04 6.821914325843935e+00
0.5 2.370731776752042e-04 6.853928552483964e+00
0.6 2.618690802385178e-04 6.931727664480563e+00
0.7 2.862878519281297e-04 7.054713479599492e+00
0.8 3.085062500947050e-04 7.210894823335647e+00
0.9 3.126320073820927e-04 6.786885337797235e+00
1 3.368892840390190e-04 6.982639524391265e+00
1.1 3.596887150080008e-04 7.211760010113451e+00
1.2 3.625368450393608e-04 6.840834491653477e+00
1.3 3.864513192831286e-04 7.083948727580577e+00
1.4 3.883802082065984e-04 6.721373113646483e+00
1.5 4.118954654121284e-04 7.017599137450587e+00
1.6 4.196204348706442e-04 6.742852070651512e+00
1.7 4.370450660439441e-04 6.994971655667024e+00
1.8 4.552788136528483e-04 7.199028895754252e+00
1.9 4.620381448420646e-04 7.005325557093348e+00
2 4.669203887564252e-04 6.678567843719655e+00
2.1 4.868899356439154e-04 7.043896170304540e+00
2.2 4.885314013235927e-04 6.748648299734045e+00
2.3 5.115458359810796e-04 7.108578414220791e+00
2.4 5.128054495473583e-04 6.851801986864670e+00
2.5 5.357636479914618e-04 7.198724057163515e+00
2.6 5.373619615885808e-04 6.953416743459472e+00
2.7 5.575010881246265e-04 7.270396397454504e+00
2.8 5.618781310291764e-04 7.064678445628651e+00
2.9 5.630788832620704e-04 6.823157322234620e+00
3 5.858747757681524e-04 7.198050717203522e+00
3.1 5.873246515326101e-04 6.974880909262453e+00
3.2 5.932340448995501e-04 6.746944765767751e+00
3.3 6.115733047129359e-04 7.124137627983455e+00
3.4 6.126324511063918e-04 6.912881755586012e+00
3.5 6.339507838119758e-04 7.282988443891846e+00
3.6 6.368587718171044e-04 7.082226649718065e+00
3.7 6.378639941941063e-04 6.875131286127772e+00
3.8 6.598855582290376e-04 7.264970223200283e+00
3.9 6.619679248553104e-04 7.066025150811464e+00
4 6.629679619816164e-04 6.863652069677698e+00
4.1 6.849954559881665e-04 7.263161722603647e+00
4.2 6.869574733616747e-04 7.071840701013867e+00
4.3 6.879063910791651e-04 6.878550076037284e+00
4.4 7.095593123750688e-04 7.279374338951133e+00
4.5 7.118359502650292e-04 7.097279859129957e+00
4.6 7.127259203097892e-04 6.915123190702712e+00
4.7 7.328308242172933e-04 7.290713485782949e+00
4.8 7.365753495127779e-04 7.140822320677789e+00
4.9 7.374886350980010e-04 6.967548947828517e+00
5 7.401975605259031e-04 6.737901543507911e+00
5.1 7.610708167596237e-04 7.201514511673775e+00
5.2 7.622043322222633e-04 7.032619877709607e+00
5.3 7.632152548686109e-04 6.848248540082446e+00
5.4 7.848920840612463e-04 7.274980057769723e+00
5.5 7.868094449078906e-04 7.110595286147281e+00
5.6 7.876220019330249e-04 6.947720841411149e+00
5.7 7.930847883481874e-04 6.779463698881870e+00
5.8 8.110955917728933e-04 7.203460548278082e+00
5.9 8.121716361244039e-04 7.045706096224428e+00
6 8.130547968092038e-04 6.877414262040091e+00
6.1 8.339156659704303e-04 7.297457681274178e+00
6.2 8.365602263197160e-04 7.152689890643821e+00
6.3 8.373965399730482e-04 7.001335590318313e+00
6.4 8.385922895856149e-04 6.821133660115057e+00
6.5 8.600926253093852e-04 7.271752184158809e+00
6.6 8.617796222505588e-04 7.122615205291286e+00
6.7 8.625362545231283e-04 6.975251579728331e+00
6.8 8.641923602977556e-04 6.785698245642326e+00
6.9 8.854595796392464e-04 7.255485888326344e+00
7 8.868664096565752e-04 7.110553159713504e+00
7.1 8.875930345881849e-04 6.966861731072171e+00
7.2 8.894530000451636e-04 6.778268504619079e+00
7.3 9.104888490441104e-04 7.255219396170488e+00
7.4 9.118543496417866e-04 7.114650583568041e+00
7.5 9.125650048008741e-04 6.975358356172260e+00
7.6 9.140917977604091e-04 6.797451659450140e+00
7.7 9.352259178222218e-04 7.269772240160554e+00
7.8 9.367477173681598e-04 7.133570040496829e+00
7.9 9.374615977886784e-04 6.999037449082442e+00
8 9.385466471958513e-04 6.838487482040906e+00
8.1 9.594839775604759e-04 7.294533982924255e+00
8.2 9.615271749474009e-04 7.166266295626883e+00
8.3 9.622947555156186e-04 7.035804079142739e+00
8.4 9.630891080389346e-04 6.892342741483477e+00
8.5 9.818507516155281e-04 7.286204839411203e+00
8.6 9.861250036764524e-04 7.212017607917470e+00
8.7 9.870595765670447e-04 7.084177245058264e+00
8.8 9.877228950145487e-04 6.953303706799725e+00
8.9 9.898266238900315e-04 6.779747138954422e+00
9 1.010310742676816e-03 7.268910193371759e+00
9.1 1.011713245534995e-03 7.143734437678186e+00
9.2 1.012393771010413e-03 7.020010682455739e+00
9.3 1.013232842866577e-03 6.879574071224934e+00
9.4 1.032492369632922e-03 7.298467963829602e+00
9.5 1.036122214980536e-03 7.214770008026375e+00
9.6 1.037028006107632e-03 7.093574919233171e+00
9.7 1.037657560216182e-03 6.970264987106431e+00
9.8 1.039064895084993e-03 6.813481429179336e+00
9.9 1.059712208323226e-03 7.292357845409220e+00
10 1.061491777277488e-03 7.176385832739711e+00
10.1 1.062219271917769e-03 7.059037407603961e+00
10.2 1.062877252297087e-03 6.934300692800219e+00
10.3 1.066099130479822e-03 6.778522500550685e+00
10.4 1.085364152356435e-03 7.268920496459322e+00
10.5 1.086676730618061e-03 7.153222425667435e+00
10.6 1.087330692317136e-03 7.038738792478320e+00
10.7 1.088032972776725e-03 6.913119297784554e+00
10.8 1.097450018545412e-03 6.962840306864983e+00
10.9 1.110600876332883e-03 7.256855308733806e+00
11 1.111750374749009e-03 7.143829625494504e+00
11.1 1.112373958616858e-03 7.031934155266601e+00
11.2 1.113088698473838e-03 6.907748328868268e+00
11.3 1.124580090685159e-03 7.047885230311575e+00
11.4 1.135605395156394e-03 7.257391959370409e+00
11.5 1.136736695374360e-03 7.147099181638065e+00
11.6 1.137352827479986e-03 7.037897677131093e+00
11.7 1.138031456643946e-03 6.917869190288708e+00
11.8 1.143739222568367e-03 6.835902887182864e+00
11.9 1.160393079895896e-03 7.269657806596093e+00
12 1.161637915064601e-03 7.162183841412187e+00
12.1 1.162270740782929e-03 7.055685348825858e+00
12.2 1.162886966969265e-03 6.941590450025162e+00
12.3 1.165018367477325e-03 6.793659929966606e+00
12.4 1.184856746315714e-03 7.291223850131166e+00
12.5 1.186437385863466e-03 7.188377563272596e+00
12.6 1.187128754675296e-03 7.084225596466277e+00
12.7 1.187693067297648e-03 6.976309018970948e+00
12.8 1.188807417213444e-03 6.843643744164010e+00
12.9 1.208466331360605e-03 7.308901834820167e+00
13 1.211081124498196e-03 7.225120896673249e+00
13.1 1.211916474049749e-03 7.122690746231867e+00
13.2 1.212470248313966e-03 7.019879938501981e+00
13.3 1.213187337565472e-03 6.903683184568697e+00
13.4 1.223074231435533e-03 6.994158632650011e+00
13.5 1.235403363735996e-03 7.270974723027628e+00
13.6 1.236596830537916e-03 7.170706835631117e+00
13.7 1.237212933627911e-03 7.071173649581201e+00
13.8 1.237771008599388e-03 6.966393421612754e+00
13.9 1.238997356776574e-03 6.835889356897757e+00
14 1.258598948881324e-03 7.309560997839687e+00
14.1 1.261062473146424e-03 7.228207915093511e+00
14.2 1.261884133489513e-03 7.130147536882005e+00
14.3 1.262423949464735e-03 7.031963196164212e+00
14.4 1.263066011287043e-03 6.923204255973135e+00
14.5 1.266264183881210e-03 6.797283368807683e+00
14.6 1.284905274021855e-03 7.291511551028337e+00
14.7 1.286386513156558e-03 7.197558441324075e+00
14.8 1.287057819566899e-03 7.102050277699872e+00
14.9 1.287577020419830e-03 7.004385964529885e+00
15 1.288345697729254e-03 6.891516351897919e+00
15.1 1.301720490115666e-03 7.134021626548740e+00
15.2 1.310396633509850e-03 7.272770985150055e+00
15.3 1.311553098213886e-03 7.178878655296122e+00
15.4 1.312156426806289e-03 7.085464689559902e+00
15.5 1.312673423608610e-03 6.988422814488429e+00
15.6 1.313554245987915e-03 6.873355321970691e+00
15.7 1.330537115214333e-03 7.260851250078014e+00
15.8 1.335581535138819e-03 7.263552024019549e+00
15.9 1.336618802657093e-03 7.171313620326123e+00
16 1.337193636944974e-03 7.079773089385414e+00
16.1 1.337706949700925e-03 6.984097014571192e+00
16.2 1.338614970672185e-03 6.870051651023573e+00
16.3 1.355763000864310e-03 7.267154579788892e+00
16.4 1.360572902119056e-03 7.264492166142953e+00
16.5 1.361603064273165e-03 7.174131578046099e+00
16.6 1.362174562097078e-03 7.084407352137612e+00
16.7 1.362676114168315e-03 6.991011825532404e+00
16.8 1.363506278527027e-03 6.881225528189381e+00
16.9 1.378510580398504e-03 7.198789835340408e+00
17 1.385377278376888e-03 7.274933019134987e+00
17.1 1.386506941530063e-03 7.186735582845897e+00
17.2 1.387100767984695e-03 7.098740067846262e+00
17.3 1.387587911267393e-03 7.008261814855949e+00
17.4 1.388287055104259e-03 6.904946075650296e+00
17.5 1.393878298888563e-03 6.857346118974324e+00
17.6 1.409908759664112e-03 7.293037223226383e+00
17.7 1.411313867693702e-03 7.208634700277025e+00
17.8 1.411969322575140e-03 7.122136083449221e+00
17.9 1.412452518536826e-03 7.034678421951677e+00
18 1.413029180136672e-03 6.938496539886838e+00
18.1 1.414769762114011e-03 6.818548785934844e+00
18.2 1.433815330412844e-03 7.310409668091748e+00
18.3 1.435974593554236e-03 7.239334363352615e+00
18.4 1.436767168470791e-03 7.154089060017943e+00
18.5 1.437274598232758e-03 7.069199318271473e+00
18.6 1.437769256026683e-03 6.979451244910392e+00
18.7 1.438668191782373e-03 6.872687243828624e+00
18.8 1.454453160061278e-03 7.230445880101920e+00
18.9 1.460345894189621e-03 7.277387785151798e+00
19 1.461458083874795e-03 7.194326498937562e+00
19.1 1.462045448099229e-03 7.111158026767200e+00
19.2 1.462510598723179e-03 7.026333993533704e+00
19.3 1.463099429908717e-03 6.932194547870413e+00
19.4 1.465020417221022e-03 6.816641748727092e+00
19.5 1.483831496940263e-03 7.310600478449542e+00
19.6 1.485943633295152e-03 7.242563843639638e+00
19.7 1.486732461124144e-03 7.160415087020903e+00
19.8 1.487234256281295e-03 7.078670971773311e+00
19.9 1.487704714634608e-03 6.993019708034402e+00
20 1.488460881267839e-03 6.893629798878989e+00
20.1 1.496423591430142e-03 6.945602899946332e+00
20.2 1.509874987580646e-03 7.294936918644360e+00
20.3 1.511248293071804e-03 7.217225475519815e+00
20.4 1.511897666278620e-03 7.136816119394236e+00
20.5 1.512362604529774e-03 7.056022531932811e+00
20.6 1.512857333012124e-03 6.969480645025230e+00
20.7 1.513829674427446e-03 6.865805642068998e+00
20.8 1.529981788849424e-03 7.247050420676508e+00
20.9 1.535303306621356e-03 7.280071597693416e+00
21 1.536406312426792e-03 7.201688747615735e+00
21.1 1.536990043288303e-03 7.122846671746369e+00
21.2 1.537438985571963e-03 7.042953617565219e+00
21.3 1.537955140949199e-03 6.956207373454664e+00
21.4 1.539111279213161e-03 6.850873164613045e+00
21.5 1.556624518090363e-03 7.288604054167678e+00
21.6 1.560465062423112e-03 7.272876896621230e+00
21.7 1.561467571507717e-03 7.195441085582131e+00
21.8 1.562024080410720e-03 7.118001680015104e+00
21.9 1.562464909074968e-03 7.039255847174778e+00
22 1.562983895679964e-03 6.953457237947329e+00
22.1 1.564173021344603e-03 6.849335415036182e+00
22.2 1.581661010741499e-03 7.289421760256619e+00
22.3 1.585446936431322e-03 7.274005441417376e+00
22.4 1.586449301375365e-03 7.197974076628284e+00
22.5 1.587005281840766e-03 7.121836532653703e+00
22.6 1.587441474371393e-03 7.044574113298212e+00
22.7 1.587940743971310e-03 6.960924210486335e+00
22.8 1.588988261696561e-03 6.860482476158255e+00
22.9 1.605269651583349e-03 7.255705763924707e+00
23 1.610249927234838e-03 7.282928187196949e+00
23.1 1.611351382935397e-03 7.208851644688601e+00
23.2 1.611934173783309e-03 7.133910262615291e+00
23.3 1.612371363795723e-03 7.058360221219544e+00
23.4 1.612837144865611e-03 6.977727418763716e+00
23.5 1.613670050910211e-03 6.883134744221872e+00
23.6 1.623824405236986e-03 7.037437553408983e+00
23.7 1.634793323420120e-03 7.297874556999946e+00
23.8 1.636156290540259e-03 7.227682210388106e+00
23.9 1.636805732495146e-03 7.153806154692851e+00
24 1.637257030124217e-03 7.079962732531292e+00
24.1 1.637690413184110e-03 7.002675067739354e+00
24.2 1.638331620062349e-03 6.915024834321290e+00
24.3 1.640944173625528e-03 6.820584647789859e+00
24.4 1.658772777813934e-03 7.311284294960197e+00
24.5 1.660814353213822e-03 7.253946570112147e+00
24.6 1.661604679478050e-03 7.181192933426924e+00
24.7 1.662096519214539e-03 7.108784834763943e+00
24.8 1.662513043162034e-03 7.034621086394452e+00
24.9 1.663019574182619e-03 6.953638995637271e+00
25 1.664140902970687e-03 6.856606141795375e+00
25.1 1.680396231551505e-03 7.259507474984288e+00
25.2 1.685185827433370e-03 7.285906123762771e+00
25.3 1.686293013905296e-03 7.215838179366598e+00
25.4 1.686877485908142e-03 7.144434526670156e+00
25.5 1.687306505191551e-03 7.072741244850259e+00
25.6 1.687736236362815e-03 6.997269048781475e+00
25.7 1.688393264703142e-03 6.911371257216434e+00
25.8 1.691196290610397e-03 6.824133316168536e+00
25.9 1.708727047197484e-03 7.311432763183987e+00
26 1.710771179116867e-03 7.257202406136678e+00
26.1 1.711566009671276e-03 7.186802043540972e+00
26.2 1.712057491665567e-03 7.116669258844957e+00
26.3 1.712464592440309e-03 7.045173372828508e+00
26.4 1.712933451245192e-03 6.968037254276211e+00
26.5 1.713826188604997e-03 6.877348063111394e+00
26.6 1.724857712183774e-03 7.077417425232814e+00
26.7 1.734697998472772e-03 7.300477813083083e+00
26.8 1.736073884336581e-03 7.235846458544515e+00
26.9 1.736729378036673e-03 7.166516909338226e+00
27 1.737175511561634e-03 7.097377940340669e+00
27.1 1.737578494791887e-03 7.025979629314264e+00
27.2 1.738093711468092e-03 6.947504768866319e+00
27.3 1.739284175349750e-03 6.854045856828060e+00
27.4 1.755400826971640e-03 7.259873523815284e+00
27.5 1.760110778984894e-03 7.288956349228124e+00
27.6 1.761230881001013e-03 7.222666071493302e+00
27.7 1.761819639533509e-03 7.154490454126185e+00
27.8 1.762243484111578e-03 7.086246421336512e+00
27.9 1.762646946316059e-03 7.015202550359684e+00
28 1.763195423834569e-03 6.936299996161233e+00
28.1 1.764632430677936e-03 6.842955214572818e+00
28.2 1.781627351723160e-03 7.288987886513056e+00
28.3 1.785264474412746e-03 7.283354280525433e+00
28.4 1.786290306967729e-03 7.217422265267987e+00
28.5 1.786852056551698e-03 7.150315707871343e+00
28.6 1.787265962188075e-03 7.083018455577205e+00
28.7 1.787666987104807e-03 7.012799056489272e+00
28.8 1.788219382126341e-03 6.934700556144080e+00
28.9 1.789682747035261e-03 6.842798184095303e+00
29 1.806588445320400e-03 7.288196106665385e+00
29.1 1.810236768665417e-03 7.284540695347690e+00
29.2 1.811268639199314e-03 7.219763045753908e+00
29.3 1.811832352654539e-03 7.153640032402912e+00
29.4 1.812244981813150e-03 7.087393203214162e+00
29.5 1.812638600143673e-03 7.018501163969869e+00
29.6 1.813162928236127e-03 6.942417229122194e+00
29.7 1.814414588274815e-03 6.852652170329247e+00
29.8 1.830302580703531e-03 7.257410227829463e+00
29.9 1.835024270969304e-03 7.292029839793972e+00
30 1.836164610545360e-03 7.229348460102063e+00
30.1 1.836760298298982e-03 7.164137121106828e+00
30.2 1.837181571265817e-03 7.098997340369829e+00
30.3 1.837565784887904e-03 7.031803934674944e+00
30.4 1.838042076664687e-03 6.958631628770657e+00
30.5 1.839000163840579e-03 6.872950321397229e+00
30.6 1.850214796685639e-03 7.092314572045011e+00
30.7 1.859540400614323e-03 7.303782941261444e+00
30.8 1.860958444202637e-03 7.245813960176914e+00
30.9 1.861629171123194e-03 7.181513220185717e+00
31 1.862074868244916e-03 7.117424484691210e+00
31.1 1.862454135009067e-03 7.052064333769440e+00
31.2 1.862879889784781e-03 6.982221244749701e+00
31.3 1.863587502663718e-03 6.902328670319234e+00
31.4 1.866879727919992e-03 6.839024776182305e+00
31.5 1.883470649056147e-03 7.311271701606731e+00
31.6 1.885595803346935e-03 7.268507745737382e+00
31.7 1.886421088699136e-03 7.205522566026612e+00
31.8 1.886919286002494e-03 7.142313158894098e+00
31.9 1.887306776662021e-03 7.078652499043388e+00
32 1.887693863560382e-03 7.012062880213078e+00
32.1 1.888226943064920e-03 6.938283508151205e+00
32.2 1.889528942131216e-03 6.852263428101920e+00
32.3 1.905108796001998e-03 7.252263910268126e+00
32.4 1.909925504974563e-03 7.295075254723616e+00
32.5 1.911093771160718e-03 7.235894332610871e+00
32.6 1.911699121158244e-03 7.173423831953934e+00
32.7 1.912120166994433e-03 7.111094044238504e+00
32.8 1.912490394160371e-03 7.047285053726930e+00
32.9 1.912916348634168e-03 6.978898401649424e+00
33 1.913635840368584e-03 6.900700228811337e+00
33.1 1.916995519103781e-03 6.842798015881083e+00
33.2 1.933368541522991e-03 7.310884870461413e+00
33.3 1.935538048445860e-03 7.271688785769880e+00
33.4 1.936376498649001e-03 7.210644430655599e+00
33.5 1.936878864316781e-03 7.149166679652286e+00
33.6 1.937263776988624e-03 7.087399462968627e+00
33.7 1.937636578023187e-03 7.023212113473953e+00
33.8 1.938119313997010e-03 6.952991602972435e+00
33.9 1.939117376104089e-03 6.871371076631887e+00
34 1.949941634242640e-03 7.084593479053747e+00
34.1 1.959380820089170e-03 7.306251951787159e+00
34.2 1.960854752646108e-03 7.253594126044109e+00
34.3 1.961544202767324e-03 7.192913905290706e+00
34.4 1.961993943925342e-03 7.132334008269265e+00
34.5 1.962362179456439e-03 7.071010852487053e+00
34.6 1.962744616550554e-03 7.006561172437331e+00
34.7 1.963285468523007e-03 6.935019250960795e+00
34.8 1.964624675463003e-03 6.852716290458668e+00
34.9 1.979818519273341e-03 7.244268102275346e+00
35 1.984813371270722e-03 7.298036377034586e+00
35.1 1.986017863377651e-03 7.242308727258419e+00
35.2 1.986635754565394e-03 7.182391749750192e+00
35.3 1.987058757495045e-03 7.122619710632244e+00
35.4 1.987419101693371e-03 7.061812500775773e+00
35.5 1.987808875106786e-03 6.997491059536919e+00
35.6 1.988388354104565e-03 6.925568183669782e+00
35.7 1.989994918478784e-03 6.845084842091348e+00
35.8 2.006013375287718e-03 7.275435794875226e+00
35.9 2.009970348871523e-03 7.293853658031955e+00
36 2.011077822720538e-03 7.237872195498472e+00
36.1 2.011667685592505e-03 7.178761007018895e+00
36.2 2.012079574741925e-03 7.119771828803783e+00
36.3 2.012435445889194e-03 7.059668175996705e+00
36.4 2.012824424528541e-03 6.996015701405618e+00
36.5 2.013406443955798e-03 6.924839295692208e+00
36.6 2.015021093902346e-03 6.845701286008246e+00
36.7 2.030905821207715e-03 7.272869171910368e+00
36.8 2.034930820556406e-03 7.294968324125048e+00
36.9 2.036051505659655e-03 7.240062806990747e+00
37 2.036646022780978e-03 7.181739924741939e+00
37.1 2.037058909053110e-03 7.123537293241642e+00
37.2 2.037412101548148e-03 7.064348303733400e+00
37.3 2.037791079839644e-03 7.001907030733856e+00
37.4 2.038338248225240e-03 6.932546796720044e+00
37.5 2.039700128171739e-03 6.853857290611854e+00
37.6 2.054423890725650e-03 7.232998472273986e+00
37.7 2.059686404773136e-03 7.300849133325671e+00
37.8 2.060936306624934e-03 7.248592730565827e+00
37.9 2.061569824733967e-03 7.191075136266872e+00
38 2.061996884804906e-03 7.133644061910367e+00
38.1 2.062350668524868e-03 7.075519917959038e+00
38.2 2.062713980335209e-03 7.014701447711269e+00
38.3 2.063203253215625e-03 6.947978443107811e+00
38.4 2.064231470283515e-03 6.871380343327941e+00
38.5 2.074064727601220e-03 7.056027943206948e+00
38.6 2.084132785108156e-03 7.308769094447815e+00
38.7 2.085708526976326e-03 7.263051961955949e+00
38.8 2.086430508879590e-03 7.206537671371700e+00
38.9 2.086890635423629e-03 7.149819526142239e+00
39 2.087252415607362e-03 7.092791140710716e+00
39.1 2.087600717889976e-03 7.033792485373686e+00
39.2 2.088028173988879e-03 6.970147542912711e+00
39.3 2.088775837327727e-03 6.897794064748044e+00
39.4 2.092102239432422e-03 6.851477280249018e+00
39.5 2.107892153122187e-03 7.307289126891229e+00
39.6 2.110304046516665e-03 7.282500697217023e+00
39.7 2.111206621580524e-03 7.227897448852155e+00
39.8 2.111731805211014e-03 7.171829073033617e+00
39.9 2.112116003290971e-03 7.115786598144850e+00
40 2.112457203586039e-03 7.058564046611246e+00
40.1 2.112833405570383e-03 6.998022767730118e+00
40.2 2.113385084364862e-03 6.930794113290210e+00
40.3 2.114754668220329e-03 6.855552364485821e+00
40.4 2.128910292506525e-03 7.217783798809992e+00
40.5 2.134542717383281e-03 7.303437922433156e+00
40.6 2.135848422884787e-03 7.254743269733715e+00
40.7 2.136500929523468e-03 7.199502283094751e+00
40.8 2.136934125207018e-03 7.144225897248827e+00
40.9 2.137284138724139e-03 7.088516284530090e+00
41 2.137627986614712e-03 7.030752680829094e+00
41.1 2.138055615245911e-03 6.968381341512774e+00
41.2 2.138807007645905e-03 6.897661453757913e+00
41.3 2.142059048970757e-03 6.852757183573652e+00
41.4 2.157715869321679e-03 7.305328561143014e+00
41.5 2.160226730102870e-03 7.285459085911610e+00
41.6 2.161153514655742e-03 7.232649423587992e+00
41.7 2.161687732679034e-03 7.177975638444315e+00
41.8 2.162073873277317e-03 7.123355359623881e+00
41.9 2.162409944908671e-03 7.067797313453417e+00
42 2.162767736503729e-03 7.009439277686653e+00
42.1 2.163259992331751e-03 6.945391925162637e+00
42.2 2.164295082748430e-03 6.872673351392919e+00
42.3 2.173072559044997e-03 7.023410508487933e+00
42.4 2.183887788257049e-03 7.309988984408245e+00
42.5 2.185575911163831e-03 7.270367533066808e+00
42.6 2.186332307974269e-03 7.216998906905866e+00
42.7 2.186805129181433e-03 7.163035338908392e+00
42.8 2.187166543363954e-03 7.108968065805659e+00
42.9 2.187497974766493e-03 7.053572160956419e+00
43 2.187871706472829e-03 6.994839672941490e+00
43.1 2.188425856279704e-03 6.929694224571177e+00
43.2 2.189788667897173e-03 6.857692327143592e+00
43.3 2.203255854947876e-03 7.197704412068125e+00
43.4 2.209379900478224e-03 7.305710891834634e+00
43.5 2.210753416049199e-03 7.260752681607644e+00
43.6 2.211428629539357e-03 7.207696189521452e+00
43.7 2.211870072834230e-03 7.154415001235332e+00
43.8 2.212218745185922e-03 7.100891666889995e+00
43.9 2.212548379140443e-03 7.045819192427376e+00
44 2.212932227622257e-03 6.987139125412734e+00
44.1 2.213525114311136e-03 6.921754576567039e+00
44.2 2.215124248818012e-03 6.852133035643167e+00
44.3 2.229672613846608e-03 7.240386782516291e+00
44.4 2.234552340234875e-03 7.303019055174366e+00
44.5 2.235816478918598e-03 7.257011383947773e+00
44.6 2.236461113945828e-03 7.204520488041785e+00
44.7 2.236890243325471e-03 7.151886010279838e+00
44.8 2.237233291586765e-03 7.098963011044244e+00
44.9 2.237560479645408e-03 7.044458047559831e+00
45 2.237943672050244e-03 6.986359728491914e+00
45.1 2.238536643061569e-03 6.921675551896023e+00
45.2 2.240124787604571e-03 6.853074460327347e+00
45.3 2.254460821547903e-03 7.234351626982139e+00
45.4 2.259495962749419e-03 7.303870972339208e+00
45.5 2.260783599051394e-03 7.259054699610456e+00
45.6 2.261436303347373e-03 7.207249670743275e+00
45.7 2.261868512625936e-03 7.155235044294955e+00
45.8 2.262211501623010e-03 7.102985581912552e+00
45.9 2.262534785938047e-03 7.049298471953982e+00
46 2.262906076091215e-03 6.992296318412990e+00
46.1 2.263460530568744e-03 6.929184932655416e+00
46.2 2.264803354739749e-03 6.860193838176000e+00
46.3 2.277430952732757e-03 7.171620583751050e+00
46.4 2.284194887565555e-03 7.307553656922629e+00
46.5 2.285650345662213e-03 7.266608019846738e+00
46.6 2.286352438010531e-03 7.215675023297916e+00
46.7 2.286804326430938e-03 7.164253595137473e+00
46.8 2.287153848059295e-03 7.112721312312209e+00
46.9 2.287473357731508e-03 7.060040088302999e+00
47 2.287825344906489e-03 7.004532002693685e+00
47.1 2.288317720185733e-03 6.943694592896621e+00
47.2 2.289340533798170e-03 6.875553220763907e+00
47.3 2.296650035852427e-03 6.977976529556853e+00
47.4 2.308507757733490e-03 7.309887385207250e+00
47.5 2.310386469207022e-03 7.279116807678696e+00
47.6 2.311198499721711e-03 7.229586214156366e+00
47.7 2.311693139378492e-03 7.178744940470075e+00
47.8 2.312059339967722e-03 7.127912704064864e+00
47.9 2.312378676276216e-03 7.076315392986825e+00
48 2.312710164722591e-03 7.022516834472881e+00
48.1 2.313135949691886e-03 6.964379783509277e+00
48.2 2.313884688215317e-03 6.899178727108192e+00
48.3 2.316740818605022e-03 6.855094255667103e+00
48.4 2.331907343408194e-03 7.292964540043407e+00
48.5 2.334910103535382e-03 7.295081446910023e+00
48.6 2.335947749087123e-03 7.248694544946646e+00
48.7 2.336523762474898e-03 7.198535777879680e+00
48.8 2.336923775474603e-03 7.148323172418594e+00
48.9 2.337251610590309e-03 7.097757116267889e+00
49 2.337567925914102e-03 7.045678213992159e+00
49.1 2.337936602618900e-03 6.990337324607018e+00
49.2 2.338489163551476e-03 6.929208688757861e+00
49.3 2.339800586380495e-03 6.862996738140913e+00
49.4 2.351399008009268e-03 7.138317448529929e+00
49.5 2.358983761782168e-03 7.308820735299937e+00
49.6 2.360538093242771e-03 7.272290037229661e+00
49.7 2.361271808942725e-03 7.223452384815085e+00
49.8 2.361736477913204e-03 7.173777441797753e+00
49.9 2.362088892817940e-03 7.124068628199988e+00
50 2.362401579864875e-03 7.073528207428332e+00
50.1 2.362730076971804e-03 7.020777509683506e+00
50.2 2.363154470569687e-03 6.963792755094855e+00
50.3 2.363898181538812e-03 6.900099347437990e+00
50.4 2.366619943659736e-03 6.855593946483885e+00
50.5 2.381606001679701e-03 7.287194090817191e+00
50.6 2.384803978074084e-03 7.297545602089664e+00
50.7 2.385882326509128e-03 7.253109310076044e+00
50.8 2.386473584433427e-03 7.204166716217417e+00
50.9 2.386879606738105e-03 7.155078882327604e+00
51 2.387207437251231e-03 7.105743529701678e+00
51.1 2.387516591994763e-03 7.055153958978017e+00
51.2 2.387864112877335e-03 7.001778326450880e+00
51.3 2.388353458810622e-03 6.943404593028173e+00
51.4 2.389351808483412e-03 6.878666231724983e+00
51.5 2.395497103097637e-03 6.943673122507779e+00
51.6 2.408127475897723e-03 7.307817891698096e+00
51.7 2.410211929809345e-03 7.285706256673274e+00
51.8 2.411080812365548e-03 7.239288027141777e+00
51.9 2.411598255196936e-03 7.190753728696704e+00
52 2.411972263868561e-03 7.142210049812099e+00
52.1 2.412287432806007e-03 7.093211935584389e+00
52.2 2.412597626679443e-03 7.042654274613239e+00
52.3 2.412963378017211e-03 6.988912451918767e+00
52.4 2.413511897229971e-03 6.929712511927780e+00
52.5 2.414782602852333e-03 6.866059299354114e+00
52.6 2.425121553428768e-03 7.096941166576713e+00
52.7 2.433741484971392e-03 7.309323625364114e+00
52.8 2.435415318686114e-03 7.277771747128071e+00
52.9 2.436186122934706e-03 7.231037381380871e+00
53 2.436666101759513e-03 7.183016678789977e+00
53.1 2.437023380471021e-03 7.134987389218708e+00
53.2 2.437332005198432e-03 7.086376409597628e+00
53.3 2.437643151539069e-03 7.036046914495089e+00
53.4 2.438019562620544e-03 6.982349251355799e+00
53.5 2.438602992978556e-03 6.923050727232527e+00
53.6 2.440052173105416e-03 6.861392843045254e+00
53.7 2.452067370716019e-03 7.160810453983594e+00
53.8 2.458947266955863e-03 7.308552244753927e+00
53.9 2.460484824611372e-03 7.274690826376061e+00
54 2.461220312101112e-03 7.228258643142489e+00
54.1 2.461686375808045e-03 7.180762489219964e+00
54.2 2.462037088053909e-03 7.133246578371650e+00
54.3 2.462342390338379e-03 7.085122593683181e+00
54.4 2.462651825885493e-03 7.035275867143099e+00
54.5 2.463027142131830e-03 6.982099472316802e+00
54.6 2.463608175745848e-03 6.923444817976016e+00
54.7 2.465035367579495e-03 6.862524946825548e+00
54.8 2.476656405232676e-03 7.147628556653793e+00
54.9 2.483863832089781e-03 7.308774693451248e+00
55 2.485442275152414e-03 7.276542589190225e+00
55.1 2.486190779191278e-03 7.230786947961965e+00
55.2 2.486662332663557e-03 7.183811880306550e+00
55.3 2.487014993904476e-03 7.136818571112626e+00
55.4 2.487319408572399e-03 7.089288467859924e+00
55.5 2.487624081052811e-03 7.040175860689714e+00
55.6 2.487986503586021e-03 6.987975921866190e+00
55.7 2.488528950213186e-03 6.930647893118570e+00
55.8 2.489751798977737e-03 6.869352911342107e+00
55.9 2.498673898476160e-03 7.049274399725196e+00
56 2.508461512971254e-03 7.308813934440964e+00
56.1 2.510280403236123e-03 7.283016422197546e+00
56.2 2.511094669876446e-03 7.238434504684490e+00
56.3 2.511592744479906e-03 7.191996429543890e+00
56.4 2.511956845391856e-03 7.145523393891605e+00
56.5 2.512263797039667e-03 7.098662035832469e+00
56.6 2.512562270984595e-03 7.050477221998612e+00
56.7 2.512903855804283e-03 6.999611869100207e+00
56.8 2.513385569343277e-03 6.944185592963446e+00
56.9 2.514339023100214e-03 6.883363559206714e+00
57 2.519176644990767e-03 6.909187511513004e+00
57.1 2.532521568473011e-03 7.301333081052467e+00
57.2 2.534957697440280e-03 7.293239315657486e+00
57.3 2.535917411748095e-03 7.250958960730884e+00
57.4 2.536471226863688e-03 7.205156696003259e+00
57.5 2.536860030170171e-03 7.159180865379220e+00
57.6 2.537175594758595e-03 7.113003419509898e+00
57.7 2.537469524466158e-03 7.065844240684965e+00
57.8 2.537788188563612e-03 7.016523511592597e+00
57.9 2.538204365317074e-03 6.963386713185626e+00
58 2.538917857493643e-03 6.904685670895723e+00
58.1 2.541162096072976e-03 6.858346097183151e+00
58.2 2.555177242497237e-03 7.253783620826185e+00
58.3 2.559359842611810e-03 7.304603160010404e+00
58.4 2.560623971168416e-03 7.267905418877571e+00
58.5 2.561283027083643e-03 7.223126798225479e+00
58.6 2.561717866201713e-03 7.177629838784089e+00
58.7 2.562052746719195e-03 7.132081948195244e+00
58.8 2.562347889218107e-03 7.085932653944506e+00
58.9 2.562647455103692e-03 7.038197474447834e+00
59 2.563006092851866e-03 6.987485899235054e+00
59.1 2.563540605209218e-03 6.931970653235499e+00
59.2 2.564710542067601e-03 6.872857287354792e+00
59.3 2.572285381821607e-03 7.004214771568892e+00
59.4 2.583135243154267e-03 7.306959171151011e+00
59.5 2.585131374050126e-03 7.287974821904929e+00
59.6 2.585996627506711e-03 7.245643289572249e+00
59.7 2.586515913512425e-03 7.200737224016315e+00
59.8 2.586888837917040e-03 7.155715716881605e+00
59.9 2.587196257235824e-03 7.110450136534260e+00
60 2.587485753023268e-03 7.064179703482546e+00
