0.1 1.112729358049464e-04 6.764619951334213e+00
0.2 1.546987935030486e-04 6.979515217161597e+00
0.3 1.855047635603192e-04 6.993088096072286e+00
0.4 2.109739143134387e-04 6.975723842898232e+00
0.5 2.356241018489908e-04 7.033404344786176e+00
0.6 2.593236618408888e-04 7.128023555079205e+00
0.7 2.639018635581293e-04 6.574287210929851e+00
0.8 2.872172926229071e-04 6.827025657395613e+00
0.9 3.111130973231673e-04 7.033444273391030e+00
1 3.314703956290126e-04 7.169635768930688e+00
1.1 3.371772484308655e-04 6.869743729536288e+00
1.2 3.603411196811863e-04 7.125917872793980e+00
1.3 3.627974886401137e-04 6.757969479805608e+00
1.4 3.861441206619162e-04 7.062829406229509e+00
1.5 3.885964490513121e-04 6.677152650925915e+00
1.6 4.113864303324414e-04 7.041908861093569e+00
1.7 4.139820655014634e-04 6.663076288855109e+00
1.8 4.363203511680276e-04 7.058209149278922e+00
1.9 4.383151575881807e-04 6.724821606005353e+00
2 4.609718468100897e-04 7.104123316472779e+00
2.1 4.627140175511757e-04 6.816750858191496e+00
2.2 4.852278014837204e-04 7.169969562975082e+00
2.3 4.872419223720673e-04 6.917990422582410e+00
2.4 5.082553884735906e-04 7.232347133018966e+00
2.5 5.116602388844050e-04 7.030399519520419e+00
2.6 5.135012403067498e-04 6.733650070058967e+00
2.7 5.356432571187418e-04 7.150264665808700e+00
2.8 5.373008696668484e-04 6.919621023602163e+00
2.9 5.576226176542209e-04 7.238513931214649e+00
3 5.614134036380764e-04 7.075445663225835e+00
3.1 5.627887931504383e-04 6.834770646810513e+00
3.2 5.845756530342505e-04 7.218788197669044e+00
3.3 5.867702828495182e-04 7.028437487250573e+00
3.4 5.882932365696642e-04 6.774451368425325e+00
3.5 6.101217687133349e-04 7.197359106988684e+00
3.6 6.119129364260208e-04 7.009067088590719e+00
3.7 6.136108940182626e-04 6.751631882588922e+00
3.8 6.352139349283883e-04 7.195439205476336e+00
3.9 6.369027864314700e-04 7.015038739586977e+00
4 6.384135018072712e-04 6.774239168893118e+00
4.1 6.599611658718886e-04 7.211766334210059e+00
4.2 6.617547023587055e-04 7.043102543480245e+00
4.3 6.629776284245762e-04 6.829390121011207e+00
4.4 6.842180839760787e-04 7.240507387251800e+00
4.5 6.864567405909368e-04 7.089176479414961e+00
4.6 6.875626512409692e-04 6.900653863102362e+00
4.7 7.068312464287721e-04 7.243426761878200e+00
4.8 7.109486662295189e-04 7.148841315552115e+00
4.9 7.121559057393447e-04 6.981021745391214e+00
5 7.141219513481046e-04 6.741087478681139e+00
5.1 7.350063539707458e-04 7.216919372257288e+00
5.2 7.366508125793119e-04 7.068579602063330e+00
5.3 7.376823668259586e-04 6.888169971192688e+00
5.4 7.570291413487676e-04 7.250026493033864e+00
5.5 7.608747227939882e-04 7.160864247086977e+00
5.6 7.620459694911484e-04 7.007625719102654e+00
5.7 7.633278309333969e-04 6.806361974388487e+00
5.8 7.841805828733605e-04 7.249073666570385e+00
5.9 7.862829205966671e-04 7.121742917640158e+00
6 7.872860760585925e-04 6.966882169976986e+00
6.1 7.894412082462453e-04 6.741354533332477e+00
6.2 8.098238644397082e-04 7.230964069945056e+00
6.3 8.114736670981552e-04 7.100867315811368e+00
6.4 8.124108129080152e-04 6.946989830662391e+00
6.5 8.161517433065324e-04 6.728558600625103e+00
6.6 8.350024271638077e-04 7.224846860601577e+00
6.7 8.365167461840847e-04 7.097567132875431e+00
6.8 8.374217363126181e-04 6.948066129510904e+00
6.9 8.406235577625116e-04 6.730630028620110e+00
7 8.598741340110294e-04 7.232076846575600e+00
7.1 8.614340859843449e-04 7.110403596542750e+00
7.2 8.623259181319098e-04 6.968390839997378e+00
7.3 8.641000420229589e-04 6.766577020854180e+00
7.4 8.843910475118138e-04 7.249946350398701e+00
7.5 8.862215843104602e-04 7.137362066162547e+00
7.6 8.871398009905117e-04 7.004619386671827e+00
7.7 8.882466711288031e-04 6.833073086389134e+00
7.8 9.081283672757343e-04 7.265737566992364e+00
7.9 9.108366616162267e-04 7.176227534936431e+00
8 9.118656906282317e-04 7.053243364027022e+00
8.1 9.127171703153497e-04 6.906174387197181e+00
8.2 9.267759241650711e-04 7.102254476223773e+00
8.3 9.351428448508067e-04 7.223958955718423e+00
8.4 9.364745303814674e-04 7.111245890215107e+00
8.5 9.372930693821416e-04 6.981981614834581e+00
8.6 9.385930419606830e-04 6.807840220538866e+00
8.7 9.585239783090436e-04 7.266576690917091e+00
8.8 9.608721376062115e-04 7.176424889164655e+00
8.9 9.618451015208859e-04 7.060553369313901e+00
9 9.626411097737772e-04 6.923869857894549e+00
9.1 9.683912477529379e-04 6.792174193928920e+00
9.2 9.847200317717895e-04 7.244398594219230e+00
9.3 9.862436152298902e-04 7.141930849470030e+00
9.4 9.870748020015942e-04 7.024766483749209e+00
9.5 9.879479440116753e-04 6.880670465751853e+00
9.6 1.004704711842557e-03 7.206344609320563e+00
9.7 1.010195993653759e-03 7.224972933562745e+00
9.8 1.011434404511048e-03 7.121412891629300e+00
9.9 1.012203688522885e-03 7.004398151142989e+00
10 1.013170684773844e-03 6.856021736510320e+00
10.1 1.031458979288197e-03 7.251232567450447e+00
10.2 1.035366851421718e-03 7.216610725011073e+00
10.3 1.036501155373202e-03 7.114605028578774e+00
10.4 1.037242204792935e-03 6.999622218445691e+00
10.5 1.038221612391617e-03 6.853074384072408e+00
10.6 1.056450052904946e-03 7.251750539237811e+00
10.7 1.060331840994148e-03 7.219751995999371e+00
10.8 1.061464532342826e-03 7.120732574698708e+00
10.9 1.062195526515276e-03 7.009684283938679e+00
11 1.063083659945729e-03 6.871143205461198e+00
11.1 1.079792238452169e-03 7.211074667551227e+00
11.2 1.085089543027191e-03 7.233329995818663e+00
11.3 1.086325708280195e-03 7.138662793352582e+00
11.4 1.087070163565210e-03 7.032927273096239e+00
11.5 1.087836559853276e-03 6.905869164724509e+00
11.6 1.095906977681321e-03 6.887482630693802e+00
11.7 1.109541089940121e-03 7.254614257503631e+00
11.8 1.111065906453042e-03 7.167028469994519e+00
11.9 1.111868339459215e-03 7.067228498505763e+00
12 1.112552181417581e-03 6.952087595670914e+00
12.1 1.114180086625609e-03 6.792365051424773e+00
12.2 1.133290351916914e-03 7.272459008186453e+00
12.3 1.135626642112464e-03 7.204223789944261e+00
12.4 1.136576944304449e-03 7.110533810047608e+00
12.5 1.137247528474966e-03 7.006011317996603e+00
12.6 1.138100462792358e-03 6.876123079151124e+00
12.7 1.153098154916658e-03 7.158942557243498e+00
12.8 1.159822255550257e-03 7.246981927424981e+00
12.9 1.161149033599813e-03 7.161254898401878e+00
13 1.161898309955528e-03 7.065529695840739e+00
13.1 1.162555288306656e-03 6.955426494033128e+00
13.2 1.164006770941540e-03 6.805372641131272e+00
13.3 1.182787485519604e-03 7.272165032292376e+00
13.4 1.185448788618166e-03 7.217682640630538e+00
13.5 1.186446514363379e-03 7.129574572162864e+00
13.6 1.187111154954565e-03 7.032442435255620e+00
13.7 1.187818094452466e-03 6.916885943963973e+00
13.8 1.191508219776086e-03 6.775625833871876e+00
13.9 1.208923315968761e-03 7.269668248309214e+00
14 1.210757949845381e-03 7.197547426929762e+00
14.1 1.211613786707811e-03 7.109467075717751e+00
14.2 1.212241841022212e-03 7.011839647133512e+00
14.3 1.213014468914631e-03 6.892729212825625e+00
14.4 1.222143836167201e-03 6.942097833832630e+00
14.5 1.234334892974291e-03 7.263098941359276e+00
14.6 1.235892034249430e-03 7.187833070572374e+00
14.7 1.236686119326364e-03 7.100813994807144e+00
14.8 1.237296417334014e-03 7.004077789800531e+00
14.9 1.238095288441414e-03 6.885035714364220e+00
15 1.248987233067463e-03 7.013699908371825e+00
15.1 1.259389510474698e-03 7.262400244831327e+00
15.2 1.260897015439347e-03 7.188330249831097e+00
15.3 1.261677408118220e-03 7.103202557817143e+00
15.4 1.262276857912504e-03 7.008896538728399e+00
15.5 1.263035507753161e-03 6.894023532606508e+00
15.6 1.270745302941850e-03 6.893952031974025e+00
15.7 1.284137258895592e-03 7.267971346246196e+00
15.8 1.285780932727833e-03 7.198420534621059e+00
15.9 1.286591319314544e-03 7.115895714558738e+00
16 1.287188124597978e-03 7.025281914817027e+00
16.1 1.287866227155367e-03 6.917610529883943e+00
16.2 1.290810583368734e-03 6.779612391074183e+00
16.3 1.308441045472897e-03 7.275217455462995e+00
16.4 1.310521248995872e-03 7.217171477591605e+00
16.5 1.311422340607023e-03 7.137917930970280e+00
16.6 1.312035724943188e-03 7.051705951317934e+00
16.7 1.312638695262247e-03 6.952489624428929e+00
16.8 1.313956384777680e-03 6.820748197213501e+00
16.9 1.331623731219514e-03 7.259984060142314e+00
17 1.335041146220976e-03 7.242887256853611e+00
17.1 1.336149313381244e-03 7.168202534978656e+00
17.2 1.336818042419832e-03 7.086546026848259e+00
17.3 1.337381813577907e-03 6.995557960652731e+00
17.4 1.338175628638935e-03 6.883539661255895e+00
17.5 1.347440648515770e-03 6.959939859180867e+00
17.6 1.359095624438620e-03 7.269932741992521e+00
17.7 1.360715423200192e-03 7.205563952763308e+00
17.8 1.361517107812102e-03 7.128425017626759e+00
17.9 1.362094529709335e-03 7.044626948291551e+00
18 1.362689533677362e-03 6.947893382789220e+00
18.1 1.364048690399348e-03 6.819834570034561e+00
18.2 1.381462894981427e-03 7.257616249336627e+00
18.3 1.384957247076803e-03 7.247402122766598e+00
18.4 1.386081736674909e-03 7.176303175761156e+00
18.5 1.386750445068787e-03 7.098430251758280e+00
18.6 1.387295345240637e-03 7.012664996983914e+00
18.7 1.387975357173730e-03 6.910156647309748e+00
18.8 1.391173229086324e-03 6.788738103623880e+00
18.9 1.408198646423899e-03 7.276805622256166e+00
19 1.410369315107890e-03 7.228660138946636e+00
19.1 1.411289825078935e-03 7.156392576219842e+00
19.2 1.411894296780561e-03 7.078403950722262e+00
19.3 1.412431832516248e-03 6.991411173629784e+00
19.4 1.413214008892506e-03 6.884650369832867e+00
19.5 1.420949682973733e-03 6.909752280498515e+00
19.6 1.433819674965817e-03 7.274446995063167e+00
19.7 1.435563109878293e-03 7.217803993780716e+00
19.8 1.436392898721605e-03 7.145873514582015e+00
19.9 1.436966264716583e-03 7.068431784873175e+00
20 1.437501305134525e-03 6.981495333089550e+00
20.1 1.438344379160785e-03 6.873570290047373e+00
20.2 1.448603722831066e-03 7.007627733018801e+00
20.3 1.458984953965706e-03 7.272885740122326e+00
20.4 1.460610666587472e-03 7.215332122536839e+00
20.5 1.461412138346843e-03 7.144499200790126e+00
20.6 1.461973488377043e-03 7.068352099761395e+00
20.7 1.462500103263816e-03 6.983008070976704e+00
20.8 1.463318161226383e-03 6.877641031741856e+00
20.9 1.472126280029002e-03 6.954174918693530e+00
21 1.483816459883032e-03 7.275046546138353e+00
21.1 1.485530810721382e-03 7.220956403377393e+00
21.2 1.486354011343567e-03 7.151830331080232e+00
21.3 1.486919264636290e-03 7.077664766247240e+00
21.4 1.487431654929363e-03 6.995289996126743e+00
21.5 1.488155200517381e-03 6.895625113843183e+00
21.6 1.492711373107093e-03 6.818391383125643e+00
21.7 1.508232223418226e-03 7.277796886940114e+00
21.8 1.510308527727359e-03 7.233972469533994e+00
21.9 1.511214140233592e-03 7.167267221171362e+00
22 1.511804146443008e-03 7.095578673613312e+00
22.1 1.512305335502455e-03 7.017073581938506e+00
22.2 1.512919199072582e-03 6.924872862239027e+00
22.3 1.514776406654438e-03 6.805594953827130e+00
22.4 1.531772374948253e-03 7.264504593891488e+00
22.5 1.534880616079265e-03 7.252886466486136e+00
22.6 1.535973443476624e-03 7.190081840953009e+00
22.7 1.536623061343342e-03 7.121164783577412e+00
22.8 1.537128865141448e-03 7.046856566919300e+00
22.9 1.537658503440348e-03 6.962417360990774e+00
23 1.538637945515353e-03 6.856130802190973e+00
23.1 1.551541676974156e-03 7.115703260426164e+00
23.2 1.559055941750306e-03 7.273022363676645e+00
23.3 1.560582644046070e-03 7.219290012051681e+00
23.4 1.561358764331755e-03 7.153519555771314e+00
23.5 1.561900691789629e-03 7.083264603771752e+00
23.6 1.562387992411759e-03 7.005900228958050e+00
23.7 1.563028642232233e-03 6.914265227147773e+00
23.8 1.565319868223645e-03 6.800940787193463e+00
23.9 1.582062047342415e-03 7.269261315825116e+00
24 1.584909639394195e-03 7.252560316023937e+00
24.1 1.585967313059057e-03 7.191784056969320e+00
24.2 1.586603470498962e-03 7.125259958555121e+00
24.3 1.587097590453036e-03 7.053834512052125e+00
24.4 1.587601724541768e-03 6.973455017229120e+00
24.5 1.588439722569524e-03 6.874470696733068e+00
24.6 1.596431741876317e-03 6.934792193758632e+00
24.7 1.608488206146116e-03 7.278208176351021e+00
24.8 1.610333410282121e-03 7.234449566951071e+00
24.9 1.611191489694926e-03 7.172140110951410e+00
25 1.611758094367955e-03 7.105469756247169e+00
25.1 1.612232042004691e-03 7.033274387739155e+00
25.2 1.612766866262529e-03 6.950615627524970e+00
25.3 1.613863967414241e-03 6.846226113377572e+00
25.4 1.627612157643436e-03 7.153294367468535e+00
25.5 1.634064037382809e-03 7.273590752852493e+00
25.6 1.635547041285038e-03 7.222893588119087e+00
25.7 1.636311930217315e-03 7.160558176952266e+00
25.8 1.636843538840468e-03 7.094199687994646e+00
25.9 1.637308556656841e-03 7.021945580117787e+00
26 1.637866384241535e-03 6.938429914324162e+00
26.1 1.639172921925611e-03 6.832344579153728e+00
26.2 1.654272155151125e-03 7.205719050666855e+00
26.3 1.659265506512292e-03 7.270585539154593e+00
26.4 1.660623102045186e-03 7.218583539657295e+00
26.5 1.661352033961710e-03 7.156910394095580e+00
26.6 1.661868752003752e-03 7.091358613797899e+00
26.7 1.662327330344926e-03 7.019942380605537e+00
26.8 1.662884086807317e-03 6.937387745486275e+00
26.9 1.664193834611822e-03 6.832922700599003e+00
27 1.679088479857237e-03 7.200549344544622e+00
27.1 1.684206401398229e-03 7.271824792541329e+00
27.2 1.685584943391683e-03 7.221418298101501e+00
27.3 1.686320287533661e-03 7.160909343350410e+00
27.4 1.686837505225482e-03 7.096647640509272e+00
27.5 1.687289795897397e-03 7.026949009211664e+00
27.6 1.687819559650043e-03 6.947097098406035e+00
27.7 1.688926436067363e-03 6.847072169769161e+00
27.8 1.701906931509552e-03 7.130995668884909e+00
27.9 1.708871545719207e-03 7.276403542690204e+00
28 1.710428357197372e-03 7.230951308974610e+00
28.1 1.711215439725366e-03 7.172138561725145e+00
28.2 1.711750408250479e-03 7.109562542299627e+00
28.3 1.712199822795904e-03 7.042256478579120e+00
28.4 1.712689322018263e-03 6.966360737178512e+00
28.5 1.713538610113862e-03 6.873527232035357e+00
28.6 1.720530104918383e-03 6.909478206350364e+00
28.7 1.733098357437091e-03 7.279003189329977e+00
28.8 1.735118358579641e-03 7.246288085161627e+00
28.9 1.736025247252717e-03 7.190068464046623e+00
29 1.736603739620319e-03 7.129466159564573e+00
29.1 1.737060968343187e-03 7.064920688468490e+00
29.2 1.737514064675729e-03 6.993569831874288e+00
29.3 1.738157014240942e-03 6.909246085846522e+00
29.4 1.740403313078800e-03 6.810655968383312e+00
29.5 1.756245302699966e-03 7.256115421925303e+00
29.6 1.759556386264931e-03 7.265188699580009e+00
29.7 1.760717992480912e-03 7.213995969832464e+00
29.8 1.761385358814192e-03 7.155684830124551e+00
29.9 1.761871898040453e-03 7.093970432007824e+00
30 1.762306290298098e-03 7.027153042927093e+00
30.1 1.762816354217881e-03 6.951025399989391e+00
30.2 1.763822585278765e-03 6.857018820823232e+00
30.3 1.774069764399964e-03 7.034698051209578e+00
30.4 1.783440114265797e-03 7.279312656466352e+00
30.5 1.785216204878568e-03 7.242572238097420e+00
30.6 1.786065628258810e-03 7.187538281738709e+00
30.7 1.786621037099253e-03 7.128572587147374e+00
30.8 1.787065351687623e-03 7.065867367483850e+00
30.9 1.787506346280733e-03 6.996780506865608e+00
31 1.788118499760915e-03 6.915786368990045e+00
31.1 1.789971894572152e-03 6.818220158879779e+00
31.2 1.805320895794345e-03 7.235411639815252e+00
31.3 1.809299542709523e-03 7.271084425100650e+00
31.4 1.810573255391546e-03 7.224032501043399e+00
31.5 1.811277656551083e-03 7.168080382335557e+00
31.6 1.811775580951844e-03 7.108894162572226e+00
31.7 1.812201575194525e-03 7.045468435942317e+00
31.8 1.812662313124625e-03 6.974576193030720e+00
31.9 1.813402780956697e-03 6.889637173504537e+00
32 1.817133088594745e-03 6.825435633446943e+00
32.1 1.832030371468993e-03 7.269902947866439e+00
32.2 1.834708113623154e-03 7.261730415787119e+00
32.3 1.835767571449216e-03 7.211743210739720e+00
32.4 1.836399573807334e-03 7.155785582931445e+00
32.5 1.836867515348148e-03 7.096724032615366e+00
32.6 1.837285664232314e-03 7.033080965296924e+00
32.7 1.837764405056791e-03 6.961309816431090e+00
32.8 1.838614319781825e-03 6.874367587365619e+00
32.9 1.844557466762161e-03 6.884302734593187e+00
33 1.857629598037776e-03 7.276784320789781e+00
33.1 1.859880236917197e-03 7.256574695295068e+00
33.2 1.860851467283277e-03 7.206080510613506e+00
33.3 1.861451231986452e-03 7.150584036968490e+00
33.4 1.861904948724379e-03 7.092037430452133e+00
33.5 1.862318101913849e-03 7.028842958220591e+00
33.6 1.862801048525240e-03 6.957427213210071e+00
33.7 1.863683060838259e-03 6.870862099014566e+00
33.8 1.870135079570465e-03 6.902807155262600e+00
33.9 1.882681513434032e-03 7.277263244437069e+00
34 1.884882435008106e-03 7.256705044029783e+00
34.1 1.885844631461087e-03 7.206960171611020e+00
34.2 1.886440793949335e-03 7.152280763237350e+00
34.3 1.886891466863222e-03 7.094651891529384e+00
34.4 1.887299505190140e-03 7.032602183298390e+00
34.5 1.887768631482953e-03 6.962813691124328e+00
34.6 1.888585223319383e-03 6.878878329348335e+00
34.7 1.893500917786595e-03 6.857502064884791e+00
34.8 1.907242380821430e-03 7.272876600394932e+00
34.9 1.909721260239448e-03 7.261901734179053e+00
35 1.910748938928336e-03 7.214097100693412e+00
35.1 1.911369316937467e-03 7.160571562276445e+00
35.2 1.911828303599719e-03 7.104212252313120e+00
35.3 1.912232419753909e-03 7.043895349608442e+00
35.4 1.912675077206675e-03 6.976770634697089e+00
35.5 1.913368500204089e-03 6.897331945447899e+00
35.6 1.916095570579856e-03 6.819193441972942e+00
35.7 1.931017908263154e-03 7.252029918716270e+00
35.8 1.934351286707512e-03 7.270819109748776e+00
35.9 1.935549690675709e-03 7.227014206834160e+00
36 1.936230939841825e-03 7.175059457534627e+00
36.1 1.936714044372123e-03 7.120230852374376e+00
36.2 1.937120081794051e-03 7.062031591669149e+00
36.3 1.937534463334643e-03 6.998202760035083e+00
36.4 1.938101780342177e-03 6.924396675828154e+00
36.5 1.939529234405915e-03 6.835683513648577e+00
36.6 1.952578939632414e-03 7.156421028090922e+00
36.7 1.958626429761678e-03 7.279252355795313e+00
36.8 1.960205555449419e-03 7.244829524478750e+00
36.9 1.961009201436493e-03 7.195257555409778e+00
37 1.961542285687342e-03 7.142159817669813e+00
37.1 1.961963278028844e-03 7.086234191256317e+00
37.2 1.962358464659424e-03 7.025901626826507e+00
37.3 1.962827962437736e-03 6.957968736844335e+00
37.4 1.963667646182725e-03 6.876612131783624e+00
37.5 1.968616294015343e-03 6.863519336685952e+00
37.6 1.982057506256493e-03 7.270580414174002e+00
37.7 1.984612588063280e-03 7.265292317616677e+00
37.8 1.985666420349488e-03 7.220474956241045e+00
37.9 1.986296726316240e-03 7.169448042979577e+00
38 1.986756455363994e-03 7.115777833899880e+00
38.1 1.987150666260532e-03 7.058790977287520e+00
38.2 1.987559342327436e-03 6.996295951045144e+00
38.3 1.988123747035601e-03 6.924178914287573e+00
38.4 1.989524039968963e-03 6.838202214851062e+00
38.5 2.001954080423530e-03 7.136761058190657e+00
38.6 2.008461601582939e-03 7.279929368165961e+00
38.7 2.010112673742209e-03 7.249165827194703e+00
38.8 2.010940268795087e-03 7.201482645874482e+00
38.9 2.011482409136753e-03 7.150068158629052e+00
39 2.011903843417272e-03 7.096063134217792e+00
39.1 2.012288943274252e-03 7.038223536603615e+00
39.2 2.012722808889302e-03 6.973917170153870e+00
39.3 2.013408842214911e-03 6.898321716844625e+00
39.4 2.015898346903807e-03 6.823255320093578e+00
39.5 2.030314432458010e-03 7.236163109043943e+00
39.6 2.034088867059045e-03 7.275402381959886e+00
39.7 2.035384325448856e-03 7.237036524343751e+00
39.8 2.036101030687444e-03 7.188580611979495e+00
39.9 2.036596286949501e-03 7.137204091646300e+00
40 2.036997560165330e-03 7.083137609664774e+00
40.1 2.037380769102480e-03 7.024870163435670e+00
40.2 2.037838664756008e-03 6.959495389781718e+00
40.3 2.038638696876083e-03 6.881922200963484e+00
40.4 2.042600719212781e-03 6.843841831039140e+00
40.5 2.056439937571149e-03 7.260638922754222e+00
40.6 2.059371143803027e-03 7.270974732888264e+00
40.7 2.060515618470443e-03 7.230271413535920e+00
40.8 2.061180112081185e-03 7.181865727034740e+00
40.9 2.061652186993999e-03 7.130825119431862e+00
41 2.062043108609066e-03 7.077048478193547e+00
41.1 2.062424863907929e-03 7.018940934130043e+00
41.2 2.062893668036207e-03 6.953526876397341e+00
41.3 2.063748566460260e-03 6.875817716699157e+00
41.4 2.068452371988235e-03 6.863398331533731e+00
41.5 2.081706435878982e-03 7.265328713942182e+00
41.6 2.084434595152799e-03 7.269811845514186e+00
41.7 2.085540203570224e-03 7.229117747333143e+00
41.8 2.086190931462136e-03 7.181236632774371e+00
41.9 2.086656320481349e-03 7.130804549407606e+00
42 2.087042944661986e-03 7.077703272229616e+00
42.1 2.087420388984230e-03 7.020400843749832e+00
42.2 2.087880775747364e-03 6.956062730489537e+00
42.3 2.088700453742298e-03 6.879946911736575e+00
42.4 2.092772233083197e-03 6.849234510136506e+00
42.5 2.106346978692529e-03 7.258951609207415e+00
42.6 2.109307332945513e-03 7.272305043074692e+00
42.7 2.110466148129735e-03 7.233430400558742e+00
42.8 2.111136904137715e-03 7.186483939921306e+00
42.9 2.111610565197686e-03 7.136913515177388e+00
43 2.111998485089667e-03 7.084842828595113e+00
43.1 2.112369174960592e-03 7.028928628562002e+00
43.2 2.112804614459883e-03 6.966649525672237e+00
43.3 2.113519946431780e-03 6.893673976790461e+00
43.4 2.116193129150762e-03 6.828694002531024e+00
43.5 2.130123267885059e-03 7.231687080584990e+00
43.6 2.133953105086903e-03 7.277208839144246e+00
43.7 2.135281737821807e-03 7.242783646702268e+00
43.8 2.136013120490345e-03 7.197306940730298e+00
43.9 2.136513059098686e-03 7.148832728721103e+00
44 2.136910203237201e-03 7.098064670298474e+00
44.1 2.137275177710993e-03 7.043965212004776e+00
44.2 2.137678538802654e-03 6.984434074039045e+00
44.3 2.138269450738168e-03 6.915801928603725e+00
44.4 2.139819034274835e-03 6.837693446002403e+00
44.5 2.151770779211021e-03 7.132475509546321e+00
44.6 2.158233359362211e-03 7.280168789069553e+00
44.7 2.159947730070219e-03 7.256258648545034e+00
44.8 2.160803623645160e-03 7.213286927606504e+00
44.9 2.161356716209769e-03 7.166178819913058e+00
45 2.161776194910528e-03 7.116883894048299e+00
45.1 2.162141881631747e-03 7.064824730581806e+00
45.2 2.162516636966890e-03 7.008371620420496e+00
45.3 2.162999846214514e-03 6.944657081541433e+00
45.4 2.163931510552586e-03 6.869573356357497e+00
45.5 2.169263583230313e-03 6.887974690627962e+00
45.6 2.181697377418333e-03 7.265221136801133e+00
45.7 2.184365022191828e-03 7.271474532249312e+00
45.8 2.185471897882730e-03 7.233730613010815e+00
45.9 2.186125069860529e-03 7.188512670346036e+00
46 2.186589410199514e-03 7.140802764057840e+00
46.1 2.186969066558290e-03 7.090819895207138e+00
46.2 2.187327222460532e-03 7.037446285472742e+00
46.3 2.187733858884728e-03 6.978582611832181e+00
46.4 2.188348055783205e-03 6.910664125793920e+00
46.5 2.190042451249685e-03 6.835932286819641e+00
46.6 2.202223698073276e-03 7.147481710094556e+00
46.7 2.208251370500963e-03 7.280201833168174e+00
46.8 2.209932979870828e-03 7.256997849009215e+00
46.9 2.210782358285177e-03 7.215236652073168e+00
47 2.211332778656846e-03 7.169347454679084e+00
47.1 2.211749430276668e-03 7.121358530936869e+00
47.2 2.212109923069366e-03 7.070826425442423e+00
47.3 2.212472922544611e-03 7.016323655765843e+00
47.4 2.212923573503263e-03 6.955361991821293e+00
47.5 2.213715289655123e-03 6.884120054929053e+00
47.6 2.217053954389600e-03 6.841578118711884e+00
47.7 2.230446727655464e-03 7.239778608642712e+00
47.8 2.233953981126427e-03 7.277340345987979e+00
47.9 2.235246160049544e-03 7.245029707938478e+00
48 2.235968611444436e-03 7.201980896618805e+00
48.1 2.236463604253050e-03 7.155976539510761e+00
48.2 2.236854104793851e-03 7.107930477095104e+00
48.3 2.237205803008055e-03 7.057103714400780e+00
48.4 2.237577364125420e-03 7.001884159603929e+00
48.5 2.238070660503543e-03 6.939527939442345e+00
48.6 2.239050776171787e-03 6.866705838622058e+00
48.7 2.244621243433762e-03 6.900380175559756e+00
48.8 2.256614941300747e-03 7.263830939388031e+00
48.9 2.259289358438630e-03 7.272960960999481e+00
49 2.260408826445743e-03 7.237527195974341e+00
49.1 2.261068549381435e-03 7.194223092175772e+00
49.2 2.261534765395175e-03 7.148406522953059e+00
49.3 2.261911432822805e-03 7.100547323620092e+00
49.4 2.262258653529380e-03 7.049788178119906e+00
49.5 2.262635522976637e-03 6.994444137245311e+00
49.6 2.263154310446554e-03 6.931689795849595e+00
49.7 2.264256223436939e-03 6.858989568553232e+00
49.8 2.271135872140548e-03 6.947048800963548e+00
49.9 2.281990392144722e-03 7.269714519966286e+00
50 2.284402850008501e-03 7.270984643849029e+00
50.1 2.285462021913880e-03 7.234965995260589e+00
50.2 2.286098975653197e-03 7.191946060407488e+00
50.3 2.286554310057250e-03 7.146554753032029e+00
50.4 2.286925099917179e-03 7.099150565067741e+00
50.5 2.287268942831463e-03 7.048875904253736e+00
50.6 2.287643650464817e-03 6.994083027187743e+00
50.7 2.288159753831709e-03 6.932035031957007e+00
50.8 2.289246410178057e-03 6.860351185185962e+00
50.9 2.295791418541603e-03 6.936833707494563e+00
51 2.306844670540346e-03 7.267537706666368e+00
51.1 2.309336640569835e-03 7.272236824408260e+00
51.2 2.310419017509311e-03 7.237331225001156e+00
51.3 2.311065640588518e-03 7.195009325212242e+00
51.4 2.311525186137397e-03 7.150259672111683e+00
51.5 2.311896753048613e-03 7.103571164764737e+00
51.6 2.312237639568524e-03 7.054183534076638e+00
51.7 2.312602458519956e-03 7.000583976553194e+00
51.8 2.313088459882585e-03 6.940267423463307e+00
51.9 2.314034516878730e-03 6.870403289454431e+00
52 2.318841678492687e-03 6.881780302825625e+00
52.1 2.331111577937138e-03 7.254427736961244e+00
52.2 2.334076275511402e-03 7.276087062152203e+00
52.3 2.335274425208457e-03 7.244325191611411e+00
52.4 2.335966123985088e-03 7.203182485316606e+00
52.5 2.336446442598858e-03 7.159286690034419e+00
52.6 2.336826598430851e-03 7.113534397649817e+00
52.7 2.337166524063607e-03 7.065359934140484e+00
52.8 2.337517152622853e-03 7.013461103302582e+00
52.9 2.337957096774428e-03 6.955672889716149e+00
53 2.338714988672015e-03 6.888933719980368e+00
53.1 2.341461137939120e-03 6.839449305943919e+00
53.2 2.354281385993530e-03 7.210012031397859e+00
53.3 2.358538487176846e-03 7.279949900636822e+00
53.4 2.360001092101689e-03 7.255269480960686e+00
53.5 2.360788593276843e-03 7.216128215505635e+00
53.6 2.361312494786248e-03 7.173339761520159e+00
53.7 2.361712690808846e-03 7.128690588897715e+00
53.8 2.362057037101557e-03 7.081940969504295e+00
53.9 2.362394608943213e-03 7.032056044329378e+00
54 2.362786858000032e-03 6.977269392307294e+00
54.1 2.363375177405120e-03 6.914810680771671e+00
54.2 2.364832982255266e-03 6.846475855487509e+00
54.3 2.374253683771336e-03 7.052831664836989e+00
54.4 2.382475968340640e-03 7.275547508932654e+00
54.5 2.384531099439530e-03 7.268542472382300e+00
54.6 2.385505513901266e-03 7.233293551837304e+00
54.7 2.386110210058231e-03 7.192060235324485e+00
54.8 2.386549000661721e-03 7.148656010545620e+00
54.9 2.386908213495976e-03 7.103424554834348e+00
55 2.387239716898768e-03 7.055662916854999e+00
55.1 2.387593503657187e-03 7.004012735612866e+00
55.2 2.388055964487111e-03 6.946273412041659e+00
55.3 2.388903137683815e-03 6.879826173277827e+00
55.4 2.392406371666924e-03 6.853455095442510e+00
55.5 2.405008933728592e-03 7.229318962807199e+00
55.6 2.408690071258880e-03 7.279338478676575e+00
55.7 2.410055775932560e-03 7.253489532488049e+00
55.8 2.410811885443831e-03 7.214951899372709e+00
55.9 2.411321730688876e-03 7.173035243846687e+00
56 2.411713977354503e-03 7.129338366641422e+00
56.1 2.412052418026966e-03 7.083639085200350e+00
56.2 2.412383414290837e-03 7.034983714221807e+00
56.3 2.412763843849834e-03 6.981758286178041e+00
56.4 2.413318333485775e-03 6.921455193008102e+00
56.5 2.414578756369254e-03 6.854279485141126e+00
56.6 2.422037671505541e-03 6.979755995392015e+00
56.7 2.431911337599814e-03 7.268425111202506e+00
56.8 2.434288290470325e-03 7.273180793864524e+00
56.9 2.435357180964980e-03 7.241021563687338e+00
57 2.436001586626515e-03 7.201361059488838e+00
57.1 2.436459029535187e-03 7.159269717010109e+00
57.2 2.436825215643290e-03 7.115474042663291e+00
57.3 2.437153516046085e-03 7.069492683460833e+00
57.4 2.437489066990915e-03 7.020223410296779e+00
57.5 2.437897575153239e-03 6.965874538245626e+00
57.6 2.438548172661647e-03 6.903868420959496e+00
57.7 2.440356021731937e-03 6.842139840500389e+00
57.8 2.451128235823192e-03 7.114841852643617e+00
57.9 2.457722351445594e-03 7.277616888751168e+00
58 2.459596322791486e-03 7.267188991627302e+00
58.1 2.460523973290895e-03 7.232729962286487e+00
58.2 2.461110243086480e-03 7.192793188903967e+00
58.3 2.461539244438414e-03 7.150797756000288e+00
58.4 2.461891173179646e-03 7.107100575588865e+00
58.5 2.462214380251733e-03 7.061105229216491e+00
58.6 2.462553928979599e-03 7.011639234362172e+00
58.7 2.462982115755586e-03 6.956831858780664e+00
58.8 2.463702359111177e-03 6.894234269930729e+00
58.9 2.465977592707199e-03 6.841372624964242e+00
59 2.477742972994439e-03 7.165597166262188e+00
59.1 2.483041523867506e-03 7.279441505178124e+00
59.2 2.484724274722674e-03 7.264057493111965e+00
59.3 2.485593258171911e-03 7.229036155560872e+00
59.4 2.486154383955155e-03 7.189264466719641e+00
59.5 2.486570686597013e-03 7.147571092153998e+00
59.6 2.486915846755522e-03 7.104189728562816e+00
59.7 2.487235849444256e-03 7.058500032022814e+00
59.8 2.487575120443183e-03 7.009332496711830e+00
59.9 2.488006901500271e-03 6.954840007812536e+00
60 2.488740613849925e-03 6.892709493640921e+00
