0.1 2.506234845860755e-04 1.000000000000000e+01
0.2 5.227224509878240e-05 6.104918228501280e+00
0.3 5.503042918889993e-05 5.870575879515214e+00
0.4 6.189315222970849e-05 5.180942373734576e+00
0.5 7.922198995322449e-05 6.438012608037554e+00
0.6 8.217564762974400e-05 6.513933727189366e+00
0.7 8.437043848980455e-05 6.508731758896690e+00
0.8 9.291879467314758e-05 6.046190200918886e+00
0.9 1.035683079264327e-04 6.470387854483147e+00
1 1.063197142326163e-04 6.545643144915794e+00
1.1 1.079990250289215e-04 6.562360238424497e+00
1.2 1.095681363485983e-04 6.540066101261035e+00
1.3 1.123680839059363e-04 6.284395813779555e+00
1.4 1.265503330096535e-04 6.432713217069234e+00
1.5 1.301321024569391e-04 6.553118297546722e+00
1.6 1.318726101903704e-04 6.585917014317870e+00
1.7 1.331373828715625e-04 6.590455934509236e+00
1.8 1.343147434846410e-04 6.572435865012697e+00
1.9 1.358607391971466e-04 6.494641070045667e+00
2 1.455349197778518e-04 6.216153786825127e+00
2.1 1.529403441869039e-04 6.509064081864597e+00
2.2 1.554530785095141e-04 6.584372346156156e+00
2.3 1.568872418563063e-04 6.608273491541565e+00
2.4 1.579573507568855e-04 6.611715782074689e+00
2.5 1.589062667575988e-04 6.600544226963718e+00
2.6 1.599111798879462e-04 6.568202704582569e+00
2.7 1.614012514332246e-04 6.459695337861490e+00
2.8 1.714153409073317e-04 6.272215359015338e+00
2.9 1.777960096998241e-04 6.520816992440635e+00
3 1.801941486527793e-04 6.594573430610491e+00
3.1 1.815732547676687e-04 6.620640177946166e+00
3.2 1.825748329699072e-04 6.627498761718854e+00
3.3 1.834138106382899e-04 6.622699592208690e+00
3.4 1.842049461506866e-04 6.606699994674160e+00
3.5 1.850625595789451e-04 6.572574786571050e+00
3.6 1.862696114903623e-04 6.482898275642717e+00
3.7 1.940404536609725e-04 6.218070165604182e+00
3.8 2.014627521971994e-04 6.484287991564873e+00
3.9 2.044010262802566e-04 6.584967157781393e+00
4 2.059474754147300e-04 6.622458827243083e+00
4.1 2.069990473170549e-04 6.636468732426714e+00
4.2 2.078241539863574e-04 6.638321277262242e+00
4.3 2.085406112989651e-04 6.631543620263860e+00
4.4 2.092212716772444e-04 6.616009647317883e+00
4.5 2.099386049370748e-04 6.587426390130824e+00
4.6 2.108326290577698e-04 6.528985531988603e+00
4.7 2.127680919707716e-04 6.320328980474112e+00
4.8 2.228730482403808e-04 6.357041416491318e+00
4.9 2.277173809714518e-04 6.538805663282254e+00
5 2.298628463574010e-04 6.606247393758118e+00
5.1 2.311492387067550e-04 6.634434339025183e+00
5.2 2.320724692502490e-04 6.645399480233395e+00
5.3 2.328127167761793e-04 6.646620750225265e+00
5.4 2.334566658246661e-04 6.640762614049029e+00
5.5 2.340582636270807e-04 6.628116457097824e+00
5.6 2.346646076016231e-04 6.606735717245656e+00
5.7 2.353417769903514e-04 6.570155627341999e+00
5.8 2.362609568450119e-04 6.494599062270648e+00
5.9 2.405626574837002e-04 6.228169021199056e+00
6 2.485025760167157e-04 6.390021335259640e+00
6.1 2.527525040664161e-04 6.546354350154203e+00
6.2 2.547661442161921e-04 6.609768133383013e+00
6.3 2.560055320158973e-04 6.638126181022299e+00
6.4 2.568987552141802e-04 6.650306668407713e+00
6.5 2.576098954086210e-04 6.653285819879793e+00
6.6 2.582185630478369e-04 6.649867529473947e+00
6.7 2.587718890709304e-04 6.640922854044353e+00
6.8 2.593050166677938e-04 6.625951043454695e+00
6.9 2.598540529828571e-04 6.602672247458915e+00
7 2.604755580992993e-04 6.564788161116981e+00
7.1 2.613231769045833e-04 6.491141835868742e+00
7.2 2.647770590740493e-04 6.258179629196684e+00
7.3 2.722641962419257e-04 6.355550092608592e+00
7.4 2.768914088474705e-04 6.520716232927549e+00
7.5 2.791858131212091e-04 6.597619406342903e+00
7.6 2.805466196145371e-04 6.633442745321300e+00
7.7 2.814972308350768e-04 6.650465973288279e+00
7.8 2.822328111629614e-04 6.657222924165063e+00
7.9 2.828442896256034e-04 6.657356919044812e+00
8 2.833819344455962e-04 6.652420765450905e+00
8.1 2.838784817590165e-04 6.642812181111432e+00
8.2 2.843600231475099e-04 6.627980466450984e+00
8.3 2.848540104437319e-04 6.606086771487819e+00
8.4 2.854017412468280e-04 6.572579150424921e+00
8.5 2.861009407056108e-04 6.514490714825081e+00
8.6 2.875755965312161e-04 6.369559145715261e+00
8.7 2.943823167485158e-04 6.299001528622926e+00
8.8 2.996571579268064e-04 6.445345213420169e+00
8.9 3.029236538245124e-04 6.560299577439229e+00
9 3.046762337464673e-04 6.614990208614705e+00
9.1 3.058156300940086e-04 6.642384285102860e+00
9.2 3.066515119135207e-04 6.655840259143497e+00
9.3 3.073163560661373e-04 6.661072841199313e+00
9.4 3.078774435254777e-04 6.660723803458144e+00
9.5 3.083740472820020e-04 6.655991088256534e+00
9.6 3.088324366486885e-04 6.647230455464586e+00
9.7 3.092733439327933e-04 6.634116409305793e+00
9.8 3.097172429418225e-04 6.615485283334998e+00
9.9 3.101911999838971e-04 6.588662119830730e+00
10 3.107463194499062e-04 6.547237169461786e+00
10.1 3.115463841375221e-04 6.471245787325214e+00
10.2 3.147240097900332e-04 6.295170677275054e+00
10.3 3.206019323078527e-04 6.333729443636827e+00
10.4 3.251896260218985e-04 6.468448266383520e+00
10.5 3.280450972857150e-04 6.566929173109614e+00
10.6 3.296731402847806e-04 6.617253078848967e+00
10.7 3.307602885842126e-04 6.643687997997664e+00
10.8 3.315670490222296e-04 6.657328705906178e+00
10.9 3.322109372139629e-04 6.663238141876984e+00
11 3.327533498390546e-04 6.663881458088897e+00
11.1 3.332304708545527e-04 6.660465633586785e+00
11.2 3.336661815420677e-04 6.653478261118014e+00
11.3 3.340784085896019e-04 6.642881804006151e+00
11.4 3.344830814166099e-04 6.628101287047841e+00
11.5 3.348979252787765e-04 6.607778998756990e+00
11.6 3.353490175429940e-04 6.579033444687504e+00
11.7 3.358904565438963e-04 6.535113423692167e+00
11.8 3.367182651496157e-04 6.455013243152916e+00
11.9 3.400188018898879e-04 6.307327658056527e+00
12 3.451433882135286e-04 6.338998851244916e+00
12.1 3.494272724252903e-04 6.445988888630197e+00
12.2 3.524994598722074e-04 6.550530421135056e+00
12.3 3.542587718401736e-04 6.607108954437223e+00
12.4 3.554180211805081e-04 6.637940866865011e+00
12.5 3.562656827606592e-04 6.654767818573760e+00
12.6 3.569324198176019e-04 6.663208585657967e+00
12.7 3.574858340316830e-04 6.666082894289984e+00
12.8 3.579650072540381e-04 6.664854042011457e+00
12.9 3.583948605725688e-04 6.660246031187729e+00
13 3.587929583704193e-04 6.652507357033222e+00
13.1 3.591732631055567e-04 6.641497010935127e+00
13.2 3.595487905076363e-04 6.626640548224641e+00
13.3 3.599344871044766e-04 6.606715322746643e+00
13.4 3.603524909216257e-04 6.579264233943815e+00
13.5 3.608475236671744e-04 6.538875432121380e+00
13.6 3.615648653625819e-04 6.470509094011931e+00
13.7 3.637898547405420e-04 6.335451135790438e+00
13.8 3.684744083698208e-04 6.336704943994501e+00
13.9 3.725411908713392e-04 6.394896641983665e+00
14 3.761119524936208e-04 6.505411373377930e+00
14.1 3.783333090951460e-04 6.579704892578788e+00
14.2 3.797311109158154e-04 6.621760706717346e+00
14.3 3.807125137553800e-04 6.645693031356849e+00
14.4 3.814593164890615e-04 6.659038207566457e+00
14.5 3.820620393682950e-04 6.665652801410751e+00
14.6 3.825708577239918e-04 6.667587787738295e+00
14.7 3.830162736688107e-04 6.665953123476102e+00
14.8 3.834184633338630e-04 6.661314001518333e+00
14.9 3.837920010951032e-04 6.653869403960509e+00
15 3.841485925043977e-04 6.643513187448217e+00
15.1 3.844990434402700e-04 6.629806814570697e+00
15.2 3.848553192132385e-04 6.611841259439338e+00
15.3 3.852339738432120e-04 6.587880384161225e+00
15.4 3.856648411955777e-04 6.554420719420950e+00
15.5 3.862246833989730e-04 6.503188428835928e+00
15.6 3.872982175088344e-04 6.408930170508771e+00
15.7 3.908154891019664e-04 6.332064193472583e+00
15.8 3.947695297482332e-04 6.361110190564421e+00
15.9 3.983676531647428e-04 6.422733795505856e+00
16 4.015189572595950e-04 6.521023715700940e+00
16.1 4.034925726783712e-04 6.585865007551155e+00
16.2 4.047858344858909e-04 6.624110404802302e+00
16.3 4.057149999570755e-04 6.646615699051690e+00
16.4 4.064312351003855e-04 6.659560716751977e+00
16.5 4.070132894249116e-04 6.666272156061421e+00
16.6 4.075061169017532e-04 6.668589310810160e+00
16.7 4.079375489069632e-04 6.667545804410176e+00
16.8 4.083261470718018e-04 6.663700323604662e+00
16.9 4.086852665447546e-04 6.657295403621593e+00
17 4.090254026487486e-04 6.648323080860001e+00
17.1 4.093557920027966e-04 6.636526276866626e+00
17.2 4.096858672170466e-04 6.621332845816552e+00
17.3 4.100272361006319e-04 6.601679760184529e+00
17.4 4.103976997864515e-04 6.575592476360434e+00
17.5 4.108328331610565e-04 6.539074546926707e+00
17.6 4.114366863400202e-04 6.482515594752235e+00
17.7 4.128087097090397e-04 6.382513806997223e+00
17.8 4.162531310163418e-04 6.345246916940283e+00
17.9 4.197733721253556e-04 6.373734068117458e+00
18 4.230533526439646e-04 6.420658008514932e+00
18.1 4.261108959035110e-04 6.509691679864160e+00
18.2 4.281515426451518e-04 6.575904443349347e+00
18.3 4.294995606842679e-04 6.616837390876078e+00
18.4 4.304654698146617e-04 6.641703285125233e+00
18.5 4.312056320072778e-04 6.656593121317567e+00
18.6 4.318028725219648e-04 6.664957012999480e+00
18.7 4.323046290926503e-04 6.668758375866922e+00
18.8 4.327401533485065e-04 6.669135698460336e+00
18.9 4.331287388568169e-04 6.666743321574026e+00
19 4.334839729512143e-04 6.661924967808560e+00
19.1 4.338161313369920e-04 6.654797864888192e+00
19.2 4.341336895131813e-04 6.645282065208481e+00
19.3 4.344444726535020e-04 6.633085221700394e+00
19.4 4.347568412152539e-04 6.617633127685588e+00
19.5 4.350814747617967e-04 6.597905407884944e+00
19.6 4.354351602555511e-04 6.572058808621951e+00
19.7 4.358517321227707e-04 6.536470444606524e+00
19.8 4.364280870685479e-04 6.482866409254045e+00
19.9 4.376529463765888e-04 6.393767252774575e+00
20 4.406048920999100e-04 6.350810826996600e+00
20.1 4.438367066360582e-04 6.378398333167530e+00
20.2 4.468614500755578e-04 6.405846597242287e+00
20.3 4.498532519233128e-04 6.474232534149941e+00
20.4 4.522501369544059e-04 6.547922910262968e+00
20.5 4.538276121621006e-04 6.597670482534411e+00
20.6 4.549336027859705e-04 6.629039246095172e+00
20.7 4.557621176788296e-04 6.648561519910192e+00
20.8 4.564171878817410e-04 6.660371081231348e+00
20.9 4.569576342020987e-04 6.666901125256943e+00
21 4.574189907121065e-04 6.669594139656660e+00
21.1 4.578241152568924e-04 6.669313510597171e+00
21.2 4.581886029834170e-04 6.666565361786240e+00
21.3 4.585237403223408e-04 6.661616032519312e+00
21.4 4.588382482577873e-04 6.654550243794173e+00
21.5 4.591394288913280e-04 6.645290657084002e+00
21.6 4.594340667060304e-04 6.633584616307819e+00
21.7 4.597293683312107e-04 6.618950725138996e+00
21.8 4.600343455586739e-04 6.600557548192633e+00
21.9 4.603625999107580e-04 6.576959055021603e+00
22 4.607396858622415e-04 6.545470910523760e+00
22.1 4.612295989756901e-04 6.500498162337110e+00
22.2 4.620810109366733e-04 6.429717384063424e+00
22.3 4.642178033307042e-04 6.358784739225719e+00
22.4 4.671514946042173e-04 6.372406661339608e+00
22.5 4.700187536914417e-04 6.398800455059270e+00
22.6 4.727624031369068e-04 6.428319599851692e+00
22.7 4.755072013639998e-04 6.496172145603412e+00
22.8 4.775811368769065e-04 6.559582691569952e+00
22.9 4.789993732151382e-04 6.603277960043769e+00
23 4.800223104902893e-04 6.631586017420736e+00
23.1 4.808031411139815e-04 6.649616449962071e+00
23.2 4.814280943248774e-04 6.660746444904594e+00
23.3 4.819477535621519e-04 6.667043228620763e+00
23.4 4.823935071325752e-04 6.669771362664075e+00
23.5 4.827859385984476e-04 6.669708677206959e+00
23.6 4.831392754492543e-04 6.667325177151536e+00
23.7 4.834638846214690e-04 6.662881822173328e+00
23.8 4.837677700382399e-04 6.656482185968017e+00
23.9 4.840575572892808e-04 6.648093410835878e+00
24 4.843392430897848e-04 6.637542354381714e+00
24.1 4.846189174430447e-04 6.624484205060647e+00
24.2 4.849037114758192e-04 6.608329339758560e+00
24.3 4.852034787963113e-04 6.588090826241054e+00
24.4 4.855346385247081e-04 6.562054782890655e+00
24.5 4.859314270893054e-04 6.526998563619710e+00
24.6 4.864909410710438e-04 6.476238564315102e+00
24.7 4.876133556447123e-04 6.401382522286817e+00
24.8 4.899257527980112e-04 6.362922348784547e+00
24.9 4.926052925614139e-04 6.386084377841906e+00
25 4.952235152415344e-04 6.410993360572922e+00
25.1 4.977480143112576e-04 6.435617799972228e+00
25.2 5.003176378179581e-04 6.493944407381393e+00
25.3 5.023601055393849e-04 6.553794888423470e+00
25.4 5.037904621259657e-04 6.597517563397631e+00
25.5 5.048311253971102e-04 6.626821790032804e+00
25.6 5.056269418764082e-04 6.645997029330698e+00
25.7 5.062630951625845e-04 6.658221891394239e+00
25.8 5.067905818181509e-04 6.665538339034467e+00
25.9 5.072413433977925e-04 6.669232109082762e+00
26 5.076363887849249e-04 6.670114467683232e+00
26.1 5.079902092708009e-04 6.668693274031563e+00
26.2 5.083132819796583e-04 6.665272098061097e+00
26.3 5.086135685684914e-04 6.660005654758338e+00
26.4 5.088974774995615e-04 6.652927437645070e+00
26.5 5.091705501482748e-04 6.643956997502332e+00
26.6 5.094380413679092e-04 6.632888169742487e+00
26.7 5.097055525938398e-04 6.619353234476021e+00
26.8 5.099799552739530e-04 6.602747904205280e+00
26.9 5.102711357224461e-04 6.582080291170531e+00
27 5.105961037026915e-04 6.555651885023311e+00
27.1 5.109911375084804e-04 6.520331243615294e+00
27.2 5.115594113323519e-04 6.470016477424714e+00
27.3 5.126830786674158e-04 6.400854946166303e+00
27.4 5.147930824587157e-04 6.368419765522992e+00
27.5 5.172376753368867e-04 6.389612570773832e+00
27.6 5.196776961015314e-04 6.416715829646414e+00
27.7 5.220191747899377e-04 6.434989776906047e+00
27.8 5.243963672553645e-04 6.474330930054416e+00
27.9 5.265942289827786e-04 6.532301414406900e+00
28 5.281861810632072e-04 6.579970641583554e+00
28.1 5.293441243933806e-04 6.613808590530726e+00
28.2 5.302205206444038e-04 6.636716824245404e+00
28.3 5.309123997988036e-04 6.651871732487611e+00
28.4 5.314790804002415e-04 6.661528885496272e+00
28.5 5.319577296294124e-04 6.667166737247189e+00
28.6 5.323725960903937e-04 6.669742072643463e+00
28.7 5.327401910372720e-04 6.669872544092740e+00
28.8 5.330722432330798e-04 6.667950192029013e+00
28.9 5.333774501906867e-04 6.664209033555665e+00
29 5.336625700527527e-04 6.658763438839235e+00
29.1 5.339331508783041e-04 6.651626875966274e+00
29.2 5.341940723213399e-04 6.642715409831127e+00
29.3 5.344500230705241e-04 6.631836200467296e+00
29.4 5.347060374721670e-04 6.618656639017987e+00
29.5 5.349682839984423e-04 6.602642256177802e+00
29.6 5.352455301363140e-04 6.582935857866083e+00
29.7 5.355524623251042e-04 6.558113068241168e+00
29.8 5.359188832327938e-04 6.525660491396923e+00
29.9 5.364220296267914e-04 6.480961589160513e+00
30 5.373177997246258e-04 6.419480353049987e+00
30.1 5.390445990676070e-04 6.375000878140270e+00
30.2 5.412346731894536e-04 6.384201136184560e+00
30.3 5.435155109309286e-04 6.413190369359359e+00
30.4 5.457389139565113e-04 6.434677180147178e+00
30.5 5.479052512567934e-04 6.453391970528724e+00
30.6 5.501467265053932e-04 6.496829647626008e+00
30.7 5.520552169398085e-04 6.547434968861989e+00
30.8 5.534638749312291e-04 6.588885547466168e+00
30.9 5.545150699908616e-04 6.618700599649768e+00
31 5.553271773624453e-04 6.639245457307188e+00
31.1 5.559780133341964e-04 6.653043659449165e+00
31.2 5.565168537217773e-04 6.661940718417873e+00
31.3 5.569754933531561e-04 6.667182795652240e+00
31.4 5.573751633117942e-04 6.669596876482055e+00
31.5 5.577305843732942e-04 6.669728395917246e+00
31.6 5.580523591597853e-04 6.667930722290757e+00
31.7 5.583484284484690e-04 6.664420315690006e+00
31.8 5.586249977322595e-04 6.659309105773370e+00
31.9 5.588871637996625e-04 6.652621188395321e+00
32 5.591393799366507e-04 6.644297347323934e+00
32.1 5.593858570573643e-04 6.634187970058479e+00
32.2 5.596309931649793e-04 6.622031791390412e+00
32.3 5.598799631653164e-04 6.607413177025363e+00
32.4 5.601397342497272e-04 6.589681572509656e+00
32.5 5.604211744893432e-04 6.567796885161535e+00
32.6 5.607442707426994e-04 6.540020617013531e+00
32.7 5.611538139067817e-04 6.503317345363460e+00
32.8 5.617763540332886e-04 6.453112599953813e+00
32.9 5.629522000121552e-04 6.396483398729364e+00
33 5.647781709341582e-04 6.378013338346758e+00
33.1 5.668481588395732e-04 6.397657930890574e+00
33.2 5.689706374576462e-04 6.426508546576975e+00
33.3 5.710347720568120e-04 6.446204700390583e+00
33.4 5.730545209933891e-04 6.463087128410551e+00
33.5 5.751509285377529e-04 6.501012643193545e+00
33.6 5.769697424236564e-04 6.546717276589440e+00
33.7 5.783475634940050e-04 6.586160671444389e+00
33.8 5.793915945280342e-04 6.615554410155749e+00
33.9 5.802044622147622e-04 6.636329155139134e+00
34 5.808581918043108e-04 6.650601554121479e+00
34.1 5.814000099787518e-04 6.660058975558730e+00
34.2 5.818609999217600e-04 6.665890631516487e+00
34.3 5.822621587184462e-04 6.668907810684142e+00
34.4 5.826181369315239e-04 6.669658138391870e+00
34.5 5.829395102432146e-04 6.668506127871268e+00
34.6 5.832341850570146e-04 6.665685357018489e+00
34.7 5.835082983872869e-04 6.661330660639876e+00
34.8 5.837668224866493e-04 6.655496402794499e+00
34.9 5.840140013756348e-04 6.648164308714286e+00
35 5.842537041707478e-04 6.639242159350049e+00
35.1 5.844897655708802e-04 6.628552559776123e+00
35.2 5.847263962859616e-04 6.615808301698355e+00
35.3 5.849688031443516e-04 6.600566313039192e+00
35.4 5.852243232972273e-04 6.582143265989782e+00
35.5 5.855048642941272e-04 6.559457346508969e+00
35.6 5.858330663704915e-04 6.530727741778348e+00
35.7 5.862608245257411e-04 6.493003814499204e+00
35.8 5.869305875118479e-04 6.443126062273397e+00
35.9 5.881386985731001e-04 6.394202117137274e+00
36 5.898576144125104e-04 6.382473886219184e+00
36.1 5.917814579232115e-04 6.402274779411250e+00
36.2 5.937676462955234e-04 6.431123409273942e+00
36.3 5.957161339117075e-04 6.452730884260625e+00
36.4 5.976054570598581e-04 6.466731407646607e+00
36.5 5.995424774880544e-04 6.493038742292738e+00
36.6 6.013964855899900e-04 6.533696103337798e+00
36.7 6.028553738309722e-04 6.573020868243598e+00
36.8 6.039767737952472e-04 6.604513081022930e+00
36.9 6.048505695860224e-04 6.627682144457044e+00
37 6.055499431806580e-04 6.644100807846819e+00
37.1 6.061256904936022e-04 6.655384714939887e+00
37.2 6.066119812036956e-04 6.662774124323081e+00
37.3 6.070320477727949e-04 6.667150727896400e+00
37.4 6.074020822289422e-04 6.669126335108905e+00
37.5 6.077337049002291e-04 6.669120099078905e+00
37.6 6.080355172726570e-04 6.667413162479609e+00
37.7 6.083140974585559e-04 6.664184583573523e+00
37.8 6.085746600840900e-04 6.659533656510495e+00
37.9 6.088215158675652e-04 6.653492304668993e+00
38 6.090584169819237e-04 6.646029593542403e+00
38.1 6.092888497981967e-04 6.637048919730654e+00
38.2 6.095163308587364e-04 6.626376861515682e+00
38.3 6.097447773096169e-04 6.613740529843176e+00
38.4 6.099790764519209e-04 6.598726620263457e+00
38.5 6.102261253709059e-04 6.580708443443018e+00
38.6 6.104970283046394e-04 6.558713962150062e+00
38.7 6.108124599842191e-04 6.531189924734079e+00
38.8 6.112178595065732e-04 6.495685436086511e+00
38.9 6.118291904857605e-04 6.449756604598814e+00
39 6.128827532453670e-04 6.402747913273156e+00
39.1 6.144099219925065e-04 6.385067649972838e+00
39.2 6.161665844676369e-04 6.398774579946810e+00
39.3 6.180199437734483e-04 6.426425698619671e+00
39.4 6.198785000541444e-04 6.452475938051546e+00
39.5 6.216783531775397e-04 6.468706430544646e+00
39.6 6.234545363488994e-04 6.483127833972059e+00
39.7 6.252969264983741e-04 6.512743114167302e+00
39.8 6.269187115537612e-04 6.549335356622595e+00
39.9 6.282064028956996e-04 6.583838280706342e+00
40 6.292142958615341e-04 6.611337979297744e+00
40.1 6.300141912018471e-04 6.631758034026314e+00
40.2 6.306642869490829e-04 6.646383459485032e+00
40.3 6.312059189227496e-04 6.656515696351460e+00
40.4 6.316676260171294e-04 6.663173844367645e+00
40.5 6.320692693403192e-04 6.667098570243030e+00
40.6 6.324249657022786e-04 6.668814001538844e+00
40.7 6.327450122253801e-04 6.668685257945105e+00
40.8 6.330371332309694e-04 6.666960833537022e+00
40.9 6.333072995233592e-04 6.663801305524562e+00
41 6.335602827008214e-04 6.659297612059468e+00
41.1 6.338000474950019e-04 6.653481464711487e+00
41.2 6.340300496552037e-04 6.646329397839947e+00
41.3 6.342534885804165e-04 6.637760899453098e+00
41.4 6.344735591757353e-04 6.627629928971892e+00
41.5 6.346937579231679e-04 6.615707606784493e+00
41.6 6.349183348881151e-04 6.601651401523961e+00
41.7 6.351530803555899e-04 6.584951726451483e+00
41.8 6.354068952930190e-04 6.564838974523642e+00
41.9 6.356953570981352e-04 6.540124105210421e+00
42 6.360499352952804e-04 6.508976066966462e+00
42.1 6.365439030876731e-04 6.469147093038114e+00
42.2 6.373423563602521e-04 6.423057612806732e+00
42.3 6.385874118173496e-04 6.391909404140604e+00
42.4 6.401333200639761e-04 6.391704710862808e+00
42.5 6.418267953394940e-04 6.412707899117836e+00
42.6 6.435843919297603e-04 6.441043865122388e+00
42.7 6.453303824121322e-04 6.465064290480772e+00
42.8 6.470194935641102e-04 6.479700605463978e+00
42.9 6.486940339942600e-04 6.493291218406644e+00
43 6.504229913582982e-04 6.519635745643177e+00
43.1 6.519451957289273e-04 6.552240929796741e+00
43.2 6.531785255033697e-04 6.584094033322366e+00
43.3 6.541594623874372e-04 6.610268943190220e+00
43.4 6.549462961957451e-04 6.630168275694198e+00
43.5 6.555900066481415e-04 6.644699994484228e+00
43.6 6.561284108007891e-04 6.654960242459434e+00
43.7 6.565883350908245e-04 6.661864597089608e+00
43.8 6.569887814140362e-04 6.666103177174740e+00
43.9 6.573434151700484e-04 6.668176823944604e+00
44 6.576622803366047e-04 6.668441951031951e+00
44.1 6.579529440076800e-04 6.667146815750335e+00
44.2 6.582212624928940e-04 6.664457433144907e+00
44.3 6.584719049102378e-04 6.660474850485905e+00
44.4 6.587087240718554e-04 6.655245689274129e+00
44.5 6.589350344221119e-04 6.648767265881241e+00
44.6 6.591538397298969e-04 6.640987869507115e+00
44.7 6.593680464377524e-04 6.631801983905916e+00
44.8 6.595807020728360e-04 6.621039255356207e+00
44.9 6.597953168786912e-04 6.608444549090870e+00
45 6.600163766048335e-04 6.593643998696609e+00
45.1 6.602502801418584e-04 6.576087792645522e+00
45.2 6.605072712290589e-04 6.554954574473226e+00
45.3 6.608059029120978e-04 6.529005251449169e+00
45.4 6.611844682466476e-04 6.496485258204546e+00
45.5 6.617295498192383e-04 6.456147875809068e+00
45.6 6.625976187365118e-04 6.414551804284933e+00
45.7 6.638407703770726e-04 6.392338430015642e+00
45.8 6.653159505683154e-04 6.396770983127272e+00
45.9 6.669181777820338e-04 6.418541213947085e+00
46 6.685808203231553e-04 6.446567406228437e+00
46.1 6.702383721519900e-04 6.471109873218531e+00
46.2 6.718450862678142e-04 6.486823663684863e+00
46.3 6.734211032116723e-04 6.498277498081141e+00
46.4 6.750482474154505e-04 6.518682401114160e+00
46.5 6.765529780171357e-04 6.545852486181404e+00
46.6 6.778115281306970e-04 6.575783850483623e+00
46.7 6.788317091700089e-04 6.602232365502010e+00
46.8 6.796563081613555e-04 6.623239820396918e+00
46.9 6.803317143797618e-04 6.639064462680645e+00
47 6.808954863337784e-04 6.650569317158649e+00
47.1 6.813753773410687e-04 6.658609294266684e+00
47.2 6.817914343074145e-04 6.663876004731082e+00
47.3 6.821582001558110e-04 6.666891457748173e+00
47.4 6.824863901680932e-04 6.668037855898470e+00
47.5 6.827840628056666e-04 6.667589223056418e+00
47.6 6.830574207387138e-04 6.665736563149265e+00
47.7 6.833113624267982e-04 6.662605867389360e+00
47.8 6.835498706444217e-04 6.658270067161594e+00
47.9 6.837762969998245e-04 6.652756080480469e+00
48 6.839935836702616e-04 6.646047692177478e+00
48.1 6.842044539011336e-04 6.638084482520129e+00
48.2 6.844116003750766e-04 6.628756403057039e+00
48.3 6.846179065643081e-04 6.617892784474594e+00
48.4 6.848267561189337e-04 6.605243331224742e+00
48.5 6.850425346615319e-04 6.590446665205288e+00
48.6 6.852715492347706e-04 6.572978903042696e+00
48.7 6.855239036805649e-04 6.552071888047019e+00
48.8 6.858177306015849e-04 6.526602440951848e+00
48.9 6.861895133546931e-04 6.495086000594715e+00
49 6.867172935400914e-04 6.456810259342322e+00
49.1 6.875308412919366e-04 6.417973417138778e+00
49.2 6.886738980763294e-04 6.395803623824022e+00
49.3 6.900362989599949e-04 6.397461178894141e+00
49.4 6.915289051795267e-04 6.416281864507563e+00
49.5 6.930952077807415e-04 6.443242840238858e+00
49.6 6.946787307933294e-04 6.469773099164692e+00
49.7 6.962281945349356e-04 6.489341610688037e+00
49.8 6.977289993632109e-04 6.501210978582029e+00
49.9 6.992317428394541e-04 6.513671837605822e+00
50 7.007482088888387e-04 6.534320930528254e+00
50.1 7.020806828704891e-04 6.560212000067792e+00
50.2 7.031972858427068e-04 6.586905129807996e+00
50.3 7.041122730745922e-04 6.610031221737033e+00
50.4 7.048624287710300e-04 6.628393401291977e+00
50.5 7.054852886529626e-04 6.642294680857131e+00
50.6 7.060113075691315e-04 6.652444690279567e+00
50.7 7.064633787860596e-04 6.659540263289015e+00
50.8 7.068583673172883e-04 6.664152637434651e+00
50.9 7.072087366013851e-04 6.666719900189882e+00
51 7.075238220079823e-04 6.667567512029235e+00
51.1 7.078107454338628e-04 6.666931650697920e+00
51.2 7.080750569260672e-04 6.664978473660871e+00
51.3 7.083211864222355e-04 6.661818255407007e+00
51.4 7.085527683072480e-04 6.657514933189831e+00
51.5 7.087728833246621e-04 6.652091783887977e+00
51.6 7.089842499955855e-04 6.645533721245653e+00
51.7 7.091893908874072e-04 6.637786335076779e+00
51.8 7.093907975921792e-04 6.628751336319270e+00
51.9 7.095911232575803e-04 6.618277461993971e+00
52 7.097934471295867e-04 6.606144995277511e+00
52.1 7.100016929632159e-04 6.592040669363948e+00
52.2 7.102213714158716e-04 6.575517756298288e+00
52.3 7.104610342572459e-04 6.555934811836199e+00
52.4 7.107353924026977e-04 6.532375739497601e+00
52.5 7.110724814488212e-04 6.503635858104436e+00
52.6 7.115293941414915e-04 6.468859041918972e+00
52.7 7.122075362882980e-04 6.431211972212580e+00
52.8 7.131816000231143e-04 6.403504371501050e+00
52.9 7.143911439621349e-04 6.396603930176661e+00
53 7.157493709371583e-04 6.408278357285841e+00
53.1 7.172034922645080e-04 6.431511769504604e+00
53.2 7.187070528545121e-04 6.458927445804365e+00
53.3 7.202103649435770e-04 6.483649362923579e+00
53.4 7.216735451924481e-04 6.501006390354382e+00
53.5 7.230941427124900e-04 6.511739194113061e+00
53.6 7.245240510069014e-04 6.523837369172064e+00
53.7 7.259368784837453e-04 6.541805442847321e+00
53.8 7.271814882638377e-04 6.564925019046076e+00
53.9 7.282388992002891e-04 6.589223752057127e+00
54 7.291170872624593e-04 6.610744009385041e+00
54.1 7.298448389293306e-04 6.628167053961675e+00
54.2 7.304538487834301e-04 6.641576797085391e+00
54.3 7.309710031437441e-04 6.651515079091807e+00
54.4 7.314171245761949e-04 6.658572383631919e+00
54.5 7.318078767772652e-04 6.663256696045287e+00
54.6 7.321550106799545e-04 6.665969549992298e+00
54.7 7.324674244889624e-04 6.667015976453660e+00
54.8 7.327519597203674e-04 6.666621643946853e+00
54.9 7.330139757033378e-04 6.664948627849656e+00
55 7.332577617779414e-04 6.662107673031178e+00
55.1 7.334868369278014e-04 6.658166861837747e+00
55.2 7.337041740467985e-04 6.653157091672854e+00
55.3 7.339123763259649e-04 6.647074727135188e+00
55.4 7.341138273184702e-04 6.639881568931624e+00
55.5 7.343108341687384e-04 6.631501968876655e+00
55.6 7.345057859318194e-04 6.621816505322654e+00
55.7 7.347013582133066e-04 6.610651046927387e+00
55.8 7.349008176945790e-04 6.597759169373949e+00
55.9 7.351085308351305e-04 6.582794698961094e+00
56 7.353308992202130e-04 6.565270184046539e+00
56.1 7.355782310800470e-04 6.544500393309979e+00
56.2 7.358687603482338e-04 6.519560478384541e+00
56.3 7.362374162357321e-04 6.489466135987541e+00
56.4 7.367506325506832e-04 6.454573437177273e+00
56.5 7.374978923490853e-04 6.421072085476660e+00
56.6 7.384991648176080e-04 6.401261612684550e+00
56.7 7.396849504812564e-04 6.400384958058620e+00
56.8 7.409946860975220e-04 6.414824888286010e+00
56.9 7.423879406176168e-04 6.438672030847702e+00
57 7.438244536130960e-04 6.465773910140149e+00
57.1 7.452605684839593e-04 6.490302612357701e+00
57.2 7.466602722121363e-04 6.508096425159263e+00
57.3 7.480166060020204e-04 6.519096864021543e+00
57.4 7.493683408811716e-04 6.529212481391697e+00
57.5 7.507171116594382e-04 6.543508760801342e+00
57.6 7.519295121445329e-04 6.562641611839543e+00
57.7 7.529839382447640e-04 6.584756344198234e+00
57.8 7.538751551279387e-04 6.605637270536052e+00
57.9 7.546211890750060e-04 6.623273529672836e+00
58 7.552483984305416e-04 6.637268439322965e+00
58.1 7.557816985785862e-04 6.647918864978476e+00
58.2 7.562414566257799e-04 6.655707858540837e+00
58.3 7.566434506047919e-04 6.661103039165143e+00
58.4 7.569997130943885e-04 6.664496012512180e+00
58.5 7.573194366883594e-04 6.666195189566035e+00
58.6 7.576097174700315e-04 6.666435317469876e+00
58.7 7.578761161195795e-04 6.665390069808121e+00
58.8 7.581230701581584e-04 6.663183191040358e+00
58.9 7.583541967015587e-04 6.659897049143818e+00
59 7.585725186152128e-04 6.655578556791267e+00
59.1 7.587806393556696e-04 6.650242681763254e+00
59.2 7.589808861076479e-04 6.643873714973775e+00
59.3 7.591754377632679e-04 6.636424286178436e+00
59.4 7.593664542112789e-04 6.627811859833393e+00
59.5 7.595562273246463e-04 6.617912090346345e+00
59.6 7.597473846399835e-04 6.606547917787222e+00
59.7 7.599432004961750e-04 6.593472596399138e+00
59.8 7.601481219012528e-04 6.578344089114041e+00
59.9 7.603687356951869e-04 6.560688500543284e+00
60 7.606156819358390e-04 6.539857193256909e+00
