0.1 1.118929739454816e-04 6.664165500158628e+00
0.2 1.615255944832608e-04 6.907721379832103e+00
0.3 1.871834210289250e-04 6.774275216501736e+00
0.4 2.125379669507029e-04 6.722765806066889e+00
0.5 2.376259546692705e-04 6.737184482030503e+00
0.6 2.624635769560111e-04 6.804026793697195e+00
0.7 2.872124372434919e-04 6.899368109039761e+00
0.8 3.118693223999158e-04 7.017030048186653e+00
0.9 3.357618521832133e-04 7.192079721976586e+00
1 3.377864273410725e-04 6.796753083450152e+00
1.1 3.621205929660101e-04 6.983228826669675e+00
1.2 3.859045469536511e-04 7.202975565460296e+00
1.3 3.876186589685145e-04 6.863255777435381e+00
1.4 4.118425091147149e-04 7.080358010815077e+00
1.5 4.132595395383903e-04 6.766160579568451e+00
1.6 4.371036813412249e-04 7.025790491412746e+00
1.7 4.394545216093449e-04 6.691584194727358e+00
1.8 4.622129756408610e-04 7.005842374137361e+00
1.9 4.658621798522762e-04 6.681207256311742e+00
2 4.872190180667644e-04 7.013406069439113e+00
2.1 4.894513341274588e-04 6.710399423259555e+00
2.2 5.121343297380776e-04 7.044413576689559e+00
2.3 5.134389113958956e-04 6.784999341128046e+00
2.4 5.369506071915885e-04 7.097097192907726e+00
2.5 5.378950999340478e-04 6.868332708899489e+00
2.6 5.615718296311049e-04 7.175259443382682e+00
2.7 5.625284899415073e-04 6.954728010810904e+00
2.8 5.846396165884241e-04 7.305407568235576e+00
2.9 5.871965152927671e-04 7.048273188596426e+00
3 5.882550878728689e-04 6.827906705825801e+00
3.1 6.117151522965133e-04 7.160662836518688e+00
3.2 6.125561132660278e-04 6.961075294586871e+00
3.3 6.305055661580134e-04 7.251035884667215e+00
3.4 6.370870445090570e-04 7.086606279348342e+00
3.5 6.378972055370806e-04 6.894603148192612e+00
3.6 6.611080863120548e-04 7.246212403837864e+00
3.7 6.622809461625488e-04 7.042280616268606e+00
3.8 6.632447190185590e-04 6.846942767538398e+00
3.9 6.865087363889893e-04 7.203898152080450e+00
4 6.873868597343689e-04 7.019659767572056e+00
4.1 6.885090625609088e-04 6.822356910792585e+00
4.2 7.116174198335450e-04 7.190961315166527e+00
4.3 7.124189254727759e-04 7.016026689752366e+00
4.4 7.135357810420340e-04 6.824608702955651e+00
4.5 7.365747804090022e-04 7.200098151050049e+00
4.6 7.373822396419726e-04 7.029529830792427e+00
4.7 7.383302125521835e-04 6.851100591512857e+00
4.8 7.613607533953311e-04 7.230362349437309e+00
4.9 7.622828996771051e-04 7.058433556710531e+00
5 7.630428239702111e-04 6.894674032024989e+00
5.1 7.857146454622017e-04 7.286704396539788e+00
5.2 7.871189500329004e-04 7.101726450225300e+00
5.3 7.877629616522784e-04 6.949110514356390e+00
5.4 7.921180043568223e-04 6.770706011450820e+00
5.5 8.118544903663003e-04 7.160652167073981e+00
5.6 8.124999260213442e-04 7.011723269064637e+00
5.7 8.135080686118316e-04 6.844249036758709e+00
5.8 8.363025359117072e-04 7.242694955832738e+00
5.9 8.372209675981862e-04 7.083307054640159e+00
6 8.378552754726619e-04 6.938601898601970e+00
6.1 8.449823524615671e-04 6.859756383859317e+00
6.2 8.618320754162221e-04 7.169190255173666e+00
6.3 8.624584118729062e-04 7.028294032013570e+00
6.4 8.632778235324478e-04 6.877099671418451e+00
6.5 8.857799534488310e-04 7.288705763542469e+00
6.6 8.870662282277589e-04 7.124130609387112e+00
6.7 8.876378518090708e-04 6.989743389516702e+00
6.8 8.888215294853590e-04 6.828172174408129e+00
6.9 9.113314265494127e-04 7.244035430227944e+00
7 9.121928926271471e-04 7.097666525595141e+00
7.1 9.127633159670542e-04 6.966344914405390e+00
7.2 9.144363340410471e-04 6.797939032034567e+00
7.3 9.365089869870497e-04 7.224232766854151e+00
7.4 9.372505226356598e-04 7.086427533486770e+00
7.5 9.378215609559061e-04 6.957916259592235e+00
7.6 9.397453032482039e-04 6.790889957201493e+00
7.7 9.615309318619606e-04 7.222642176115826e+00
7.8 9.622497765176366e-04 7.088815253260077e+00
7.9 9.628051230160697e-04 6.963926680258524e+00
8 9.644285831268140e-04 6.804298770460820e+00
8.1 9.864236448822519e-04 7.237232611765084e+00
8.2 9.871939073201842e-04 7.103799815512316e+00
8.3 9.877229449886222e-04 6.982998890380014e+00
8.4 9.888741759486053e-04 6.836597944723284e+00
8.5 1.011121402710900e-03 7.268833636956267e+00
8.6 1.012079844026099e-03 7.130834159808515e+00
8.7 1.012592746104954e-03 7.013352062133240e+00
8.8 1.013393687955100e-03 6.881769272520625e+00
8.9 1.035190386784881e-03 7.321159621828494e+00
9 1.036888581508714e-03 7.170305251728941e+00
9.1 1.037426541356785e-03 7.053590887361183e+00
9.2 1.038020544134573e-03 6.934090106756482e+00
9.3 1.041279429082834e-03 6.790316040769852e+00
9.4 1.061547633917489e-03 7.224806898553803e+00
9.5 1.062219397381575e-03 7.103443392985618e+00
9.6 1.062717906017510e-03 6.991360506924639e+00
9.7 1.063678741327583e-03 6.859438514880815e+00
9.8 1.085656526280546e-03 7.302829207243582e+00
9.9 1.086932618579207e-03 7.164674439218687e+00
10 1.087442480455127e-03 7.053896852763192e+00
10.1 1.088013092504057e-03 6.940126960941702e+00
10.2 1.090375239136471e-03 6.795806254280025e+00
10.3 1.111407901479698e-03 7.243608548586309e+00
10.4 1.112139540303187e-03 7.124167156255448e+00
10.5 1.112613741563658e-03 7.017540964638118e+00
10.6 1.113325191155283e-03 6.899535893761405e+00
10.7 1.133088963248104e-03 7.335060223641759e+00
10.8 1.136683464329332e-03 7.208509139226557e+00
10.9 1.137265126503709e-03 7.097928378709914e+00
11 1.137740967265462e-03 6.993196672312278e+00
11.1 1.138623803121696e-03 6.871272000553891e+00
11.2 1.160156776749454e-03 7.324867796708606e+00
11.3 1.161809510370938e-03 7.189599415021100e+00
11.4 1.162334187412320e-03 7.083849367578054e+00
11.5 1.162816564265062e-03 6.980645951702935e+00
11.6 1.163823004499079e-03 6.857519990794969e+00
11.7 1.185490880828967e-03 7.312837086491614e+00
11.8 1.186849614960523e-03 7.183737045987871e+00
11.9 1.187354052543255e-03 7.080870818784510e+00
12 1.187832371258321e-03 6.979686153374595e+00
12.1 1.188831138334859e-03 6.859080757152570e+00
12.2 1.210398848708237e-03 7.317075491908165e+00
12.3 1.211820088519488e-03 7.189557129311744e+00
12.4 1.212327586907423e-03 7.088264436329341e+00
12.5 1.212789012727481e-03 6.989690372656352e+00
12.6 1.213656480708338e-03 6.874867691966184e+00
12.7 1.234751304244375e-03 7.335343111892057e+00
12.8 1.236716365951388e-03 7.206667464240155e+00
12.9 1.237255967046660e-03 7.105456927629222e+00
13 1.237696362609096e-03 7.009620429427889e+00
13.1 1.238393274031378e-03 6.902410548707813e+00
13.2 1.253793924759086e-03 7.222365728397921e+00
13.3 1.261507058712664e-03 7.235670554626820e+00
13.4 1.262136288004675e-03 7.132151999499925e+00
13.5 1.262566334661950e-03 7.038368841016414e+00
13.6 1.263118784247377e-03 6.938758417389255e+00
13.7 1.265045587719035e-03 6.815405790325817e+00
13.8 1.286076688608052e-03 7.278899598716430e+00
13.9 1.286953791795112e-03 7.168690656759937e+00
14 1.287404581149605e-03 7.075196870996977e+00
14.1 1.287861643203379e-03 6.981663302948585e+00
14.2 1.288766697498652e-03 6.871827149237926e+00
14.3 1.309640480926323e-03 7.337739087043773e+00
14.4 1.311659178363768e-03 7.216779120579671e+00
14.5 1.312203451837600e-03 7.120164355148501e+00
14.6 1.312619803827257e-03 7.030111870890153e+00
14.7 1.313185523753799e-03 6.933172805755602e+00
14.8 1.315291445350830e-03 6.815487016873869e+00
14.9 1.336054462779328e-03 7.281257258392033e+00
15 1.336928380809502e-03 7.174752664972963e+00
15.1 1.337374109728396e-03 7.084398412679174e+00
15.2 1.337805887364485e-03 6.995040949883284e+00
15.3 1.338558818947610e-03 6.893054735280943e+00
15.4 1.356165068683433e-03 7.298353552846967e+00
15.5 1.361456619859982e-03 7.243395331514435e+00
15.6 1.362084111169742e-03 7.146378076909593e+00
15.7 1.362495346463782e-03 7.059260001511587e+00
15.8 1.362961146053873e-03 6.969669276910032e+00
15.9 1.363969331681376e-03 6.863160961719885e+00
16 1.384844774036625e-03 7.334748386144097e+00
16.1 1.386640325919576e-03 7.220821373270502e+00
16.2 1.387174618653680e-03 7.129018572896556e+00
16.3 1.387573744147303e-03 7.043895171308999e+00
16.4 1.388070671665490e-03 6.954289722413405e+00
16.5 1.389329803307094e-03 6.845864354162329e+00
16.6 1.410381314756667e-03 7.319518159902666e+00
16.7 1.411718681006721e-03 7.210222022593276e+00
16.8 1.412215664527943e-03 7.121414770774192e+00
16.9 1.412609045517341e-03 7.037869981553259e+00
17 1.413117206864403e-03 6.949145684787569e+00
17.1 1.414473140890459e-03 6.841728664151650e+00
17.2 1.435453855283714e-03 7.316746948941336e+00
17.3 1.436722831003532e-03 7.210053458512275e+00
17.4 1.437212900150323e-03 7.122849621386765e+00
17.5 1.437600989993023e-03 7.040787474507548e+00
17.6 1.438093617957021e-03 6.954030191755263e+00
17.7 1.439315966580909e-03 6.849776333682494e+00
17.8 1.460190258375730e-03 7.326316963149388e+00
17.9 1.461657163156476e-03 7.219703284823421e+00
18 1.462167725318621e-03 7.132867595423489e+00
18.1 1.462551820551865e-03 7.052151550061388e+00
18.2 1.463008586205101e-03 6.968185403566606e+00
18.3 1.463976260886146e-03 6.869306922425854e+00
18.4 1.484180237274017e-03 7.342535853073308e+00
18.5 1.486505758731049e-03 7.239252311424396e+00
18.6 1.487077725702897e-03 7.151235857487732e+00
18.7 1.487465290802022e-03 7.071420526001637e+00
18.8 1.487880184849520e-03 6.990514906413528e+00
18.9 1.488605648527985e-03 6.898539021062348e+00
19 1.496926890395592e-03 6.975216349769465e+00
19.1 1.511211362068788e-03 7.269674190799815e+00
19.2 1.511932813838905e-03 7.178094379233062e+00
19.3 1.512343244459217e-03 7.098188457998341e+00
19.4 1.512724848474912e-03 7.019942834354424e+00
19.5 1.513271582280836e-03 6.934860221139509e+00
19.6 1.514962670000739e-03 6.834022989598432e+00
19.7 1.535547944793522e-03 7.312899603687187e+00
19.8 1.536703507794928e-03 7.214291029756399e+00
19.9 1.537180723614081e-03 7.132431068467240e+00
20 1.537550448014766e-03 7.055741456770652e+00
20.1 1.537982773735362e-03 6.976325353761395e+00
20.2 1.538816447076531e-03 6.884560558909856e+00
20.3 1.556168825929833e-03 7.299629446309122e+00
20.4 1.561296793868930e-03 7.262098455979940e+00
20.5 1.561957046157332e-03 7.174870491169595e+00
20.6 1.562353305638862e-03 7.097793326977442e+00
20.7 1.562725976491244e-03 7.022096827672291e+00
20.8 1.563250914807595e-03 6.940169099214801e+00
20.9 1.564710179456374e-03 6.843157997715051e+00
21 1.585232930671860e-03 7.325079691067591e+00
21.1 1.586607982227569e-03 7.227672554992429e+00
21.2 1.587113172102858e-03 7.146891288770609e+00
21.3 1.587479558332829e-03 7.072354192432486e+00
21.4 1.587873518219921e-03 6.996733818427112e+00
21.5 1.588520581928910e-03 6.912107075689061e+00
21.6 1.591618558250429e-03 6.833398363166126e+00
21.7 1.610865855965320e-03 7.295886895423857e+00
21.8 1.611771630145898e-03 7.205384713201303e+00
21.9 1.612211190948139e-03 7.128341108125863e+00
22 1.612567293438303e-03 7.055338737143414e+00
22.1 1.612985497392424e-03 6.979691754131677e+00
22.2 1.613756164784359e-03 6.893243535638316e+00
22.3 1.623214393619392e-03 7.026854968770961e+00
22.4 1.636107149168024e-03 7.278896989199268e+00
22.5 1.636854964583136e-03 7.192960444586615e+00
22.6 1.637264874038448e-03 7.118217701830516e+00
22.7 1.637617038405635e-03 7.046379280207026e+00
22.8 1.638050157729283e-03 6.971125670166249e+00
22.9 1.638898306177841e-03 6.884413465807553e+00
23 1.654806765478347e-03 7.260673600208802e+00
23.1 1.661182334438362e-03 7.272789719660876e+00
23.2 1.661880369986144e-03 7.189245698279674e+00
23.3 1.662279411939725e-03 7.115943611251252e+00
23.4 1.662627988885516e-03 7.045199051726008e+00
23.5 1.663059173303675e-03 6.971003385749078e+00
23.6 1.663898774566643e-03 6.885696563280519e+00
23.7 1.678668417553533e-03 7.223792429492695e+00
23.8 1.686137705776022e-03 7.276533388869300e+00
23.9 1.686854558449222e-03 7.193653771450798e+00
24 1.687256760610757e-03 7.121128332587434e+00
24.1 1.687600864933312e-03 7.051470353154727e+00
24.2 1.688013278357243e-03 6.978968889490900e+00
24.3 1.688764284393462e-03 6.896545380565384e+00
24.4 1.694916186331206e-03 6.914331350154687e+00
24.5 1.710958326226080e-03 7.289870561759717e+00
24.6 1.711774845905834e-03 7.205978147150197e+00
24.7 1.712196950314126e-03 7.133498532446907e+00
24.8 1.712538286799289e-03 7.064796605244245e+00
24.9 1.712921935286834e-03 6.994376795709828e+00
25 1.713548381790654e-03 6.915927364219645e+00
25.1 1.715980790242378e-03 6.836111265054645e+00
25.2 1.735543562967276e-03 7.312937872397210e+00
25.3 1.736626823962907e-03 7.226404879401382e+00
25.4 1.737096975595750e-03 7.152941601777259e+00
25.5 1.737443088449375e-03 7.084795448602419e+00
25.6 1.737797735081698e-03 7.016463691897910e+00
25.7 1.738305269308645e-03 6.942429459732878e+00
25.8 1.739573555665480e-03 6.856733033286119e+00
25.9 1.759361249955725e-03 7.340975128596984e+00
26 1.761369479477077e-03 7.255709142241938e+00
26.1 1.761946937852034e-03 7.179644418335844e+00
26.2 1.762315395832228e-03 7.111237271406692e+00
26.3 1.762650348808150e-03 7.044557993587798e+00
26.4 1.763065213849698e-03 6.974654883703220e+00
26.5 1.763831847750423e-03 6.895283475262524e+00
26.6 1.769810556159039e-03 6.913959463029126e+00
26.7 1.785870943689507e-03 7.295452629125256e+00
26.8 1.786720105043707e-03 7.214347610754222e+00
26.9 1.787148523731715e-03 7.144231717843751e+00
27 1.787482744525890e-03 7.078281521772975e+00
27.1 1.787836826957019e-03 7.011630630550702e+00
27.2 1.788354339077972e-03 6.939148556878374e+00
27.3 1.789672979531464e-03 6.856018310014167e+00
27.4 1.809331198005683e-03 7.340962845248762e+00
27.5 1.811338660684152e-03 7.258820436208556e+00
27.6 1.811920803737097e-03 7.184507130118835e+00
27.7 1.812288446395892e-03 7.117738061604775e+00
27.8 1.812615242793037e-03 7.052984471219949e+00
27.9 1.813003963555899e-03 6.985753689930136e+00
28 1.813662964436272e-03 6.910580823591593e+00
28.1 1.816376758412653e-03 6.842464105533496e+00
28.2 1.835469851254903e-03 7.315755988875646e+00
28.3 1.836569738945339e-03 7.233927985156598e+00
28.4 1.837045372424262e-03 7.163771021750575e+00
28.5 1.837385721690709e-03 7.099020848187730e+00
28.6 1.837715746295729e-03 7.034927395638954e+00
28.7 1.838142652391907e-03 6.967106784012296e+00
28.8 1.838963133645356e-03 6.890045096992284e+00
28.9 1.846880240415564e-03 6.985238633088912e+00
29 1.860854427214403e-03 7.296265107945812e+00
29.1 1.861692652085708e-03 7.218501008915402e+00
29.2 1.862119128057211e-03 7.150906698450763e+00
29.3 1.862446811695654e-03 7.087501597116616e+00
29.4 1.862781655642109e-03 7.023964923155269e+00
29.5 1.863237717393971e-03 6.955980301919082e+00
29.6 1.864191928071598e-03 6.878389221016014e+00
29.7 1.880079701253908e-03 7.269731175753339e+00
29.8 1.886004156998023e-03 7.286421886291012e+00
29.9 1.886746895342295e-03 7.211247680056574e+00
30 1.887152082950813e-03 7.145232056003232e+00
30.1 1.887473688094437e-03 7.082834463824057e+00
30.2 1.887809509392596e-03 7.019992411201851e+00
30.3 1.888275037043451e-03 6.952517298779601e+00
30.4 1.889272781909258e-03 6.875634517554621e+00
30.5 1.905983421404321e-03 7.295086445783058e+00
30.6 1.911016641905109e-03 7.285473148789300e+00
30.7 1.911746175003146e-03 7.211479390938393e+00
30.8 1.912148166443157e-03 7.146333887962599e+00
30.9 1.912467211066542e-03 7.084745989036746e+00
31 1.912798108461787e-03 7.022817455261491e+00
31.1 1.913249603457276e-03 6.956568763828552e+00
31.2 1.914177048001897e-03 6.881341151207472e+00
31.3 1.927891472968408e-03 7.199255921869474e+00
31.4 1.935903607502091e-03 7.292954143369633e+00
31.5 1.936692201631076e-03 7.218884386579782e+00
31.6 1.937108125290007e-03 7.153955663774197e+00
31.7 1.937428354198175e-03 7.092975509505543e+00
31.8 1.937749692965573e-03 7.032123701182107e+00
31.9 1.938168626461480e-03 6.967682190729736e+00
32 1.938952433243355e-03 6.895091778802094e+00
32.1 1.943921161117609e-03 6.894710839758167e+00
32.2 1.960615446869885e-03 7.308712417088497e+00
32.3 1.961576188665124e-03 7.233468823038798e+00
32.4 1.962029665987684e-03 7.167983526737483e+00
32.5 1.962357917417244e-03 7.107287166626912e+00
32.6 1.962668906942431e-03 7.047512907164962e+00
32.7 1.963047053489376e-03 6.985194126476841e+00
32.8 1.963674119820593e-03 6.916118817127309e+00
32.9 1.965767819989993e-03 6.847640945944464e+00
33 1.984937356391449e-03 7.331381916677152e+00
33.1 1.986371373823270e-03 7.255611721248737e+00
33.2 1.986905314265540e-03 7.188506172152334e+00
33.3 1.987255035006053e-03 7.127535422242139e+00
33.4 1.987560357324795e-03 7.068599392714656e+00
33.5 1.987899949652669e-03 7.008386180998184e+00
33.6 1.988394056169211e-03 6.943193590198937e+00
33.7 1.989519613109572e-03 6.869917176838214e+00
33.8 2.007129331947332e-03 7.321206974974649e+00
33.9 2.011002141852809e-03 7.286138800569594e+00
34 2.011716268886579e-03 7.215951777909153e+00
34.1 2.012114407048416e-03 7.153775932892934e+00
34.2 2.012425856976278e-03 7.095130653350697e+00
34.3 2.012737176591001e-03 7.036657435666507e+00
34.4 2.013133326392585e-03 6.975102640133715e+00
34.5 2.013827167469050e-03 6.906510405992488e+00
34.6 2.016620965903860e-03 6.852880440144181e+00
34.7 2.035175923663025e-03 7.324945553598521e+00
34.8 2.036413806776985e-03 7.251323809112027e+00
34.9 2.036920794952953e-03 7.186435641281779e+00
35 2.037261490173493e-03 7.127125200481458e+00
35.1 2.037561365085314e-03 7.069673159716947e+00
35.2 2.037893674262409e-03 7.011032639755883e+00
35.3 2.038368481921723e-03 6.947820928022656e+00
35.4 2.039388563799221e-03 6.876934633611418e+00
35.5 2.054438541310347e-03 7.250421693041001e+00
35.6 2.060839497879424e-03 7.296302812630271e+00
35.7 2.061634191945517e-03 7.226595582004228e+00
35.8 2.062052730125535e-03 7.165053352187855e+00
35.9 2.062366901751234e-03 7.107492658159750e+00
36 2.062666920961420e-03 7.050689888341481e+00
36.1 2.063026009614885e-03 6.991711161250673e+00
36.2 2.063591101132307e-03 6.927069248065305e+00
36.3 2.065109236846453e-03 6.857893900159197e+00
36.4 2.083904241721057e-03 7.340595380792347e+00
36.5 2.086130935474416e-03 7.276395875349198e+00
36.6 2.086760922870608e-03 7.210143260871456e+00
36.7 2.087136430275621e-03 7.150733864127846e+00
36.8 2.087438079716323e-03 7.094330870775041e+00
36.9 2.087741883504755e-03 7.037993912577907e+00
37 2.088124922232374e-03 6.978842091281766e+00
37.1 2.088771794244588e-03 6.913422593882194e+00
37.2 2.090920123894262e-03 6.852402331688359e+00
37.3 2.109716350319273e-03 7.334645515618375e+00
37.4 2.111268417795333e-03 7.264925737366356e+00
37.5 2.111827248237295e-03 7.200897748886643e+00
37.6 2.112181906443407e-03 7.142872506559289e+00
37.7 2.112477459835760e-03 7.087325092544955e+00
37.8 2.112783642637673e-03 7.031488528552848e+00
37.9 2.113179992425133e-03 6.972546509833568e+00
38 2.113873349672857e-03 6.907187726512379e+00
38.1 2.116477606741336e-03 6.855464901799123e+00
38.2 2.134931988663355e-03 7.330426501349856e+00
38.3 2.136310852857745e-03 7.261040768432409e+00
38.4 2.136846179156617e-03 7.198249445022681e+00
38.5 2.137193398778495e-03 7.141097474615356e+00
38.6 2.137485855181276e-03 7.086247595032980e+00
38.7 2.137790361605915e-03 7.031050249354276e+00
38.8 2.138184718446257e-03 6.972791375415216e+00
38.9 2.138870551873218e-03 6.908304184405989e+00
39 2.141351104703292e-03 6.855531201339470e+00
39.1 2.159825701167795e-03 7.332373462575389e+00
39.2 2.161274149845765e-03 7.264257380279531e+00
39.3 2.161821747298572e-03 7.201866035343237e+00
39.4 2.162172418859367e-03 7.145162653560899e+00
39.5 2.162463959153531e-03 7.090889882957542e+00
39.6 2.162762516108265e-03 7.036475837037115e+00
39.7 2.163140013342747e-03 6.979343012832105e+00
39.8 2.163768163412468e-03 6.916456035090220e+00
39.9 2.165682562931775e-03 6.855780670395037e+00
40 2.184313344818175e-03 7.338557666047938e+00
40.1 2.186150756646848e-03 7.274430253989673e+00
40.2 2.186751796742891e-03 7.211622553956758e+00
40.3 2.187118531977186e-03 7.154914251876480e+00
40.4 2.187412616361652e-03 7.101050028146232e+00
40.5 2.187702907274260e-03 7.047485970875295e+00
40.6 2.188053713155530e-03 6.991793052608153e+00
40.7 2.188596618977161e-03 6.931120432357715e+00
40.8 2.189928320504327e-03 6.866147740694381e+00
40.9 2.207567835300401e-03 7.327830272434224e+00
41 2.210902285995961e-03 7.291669463508142e+00
41.1 2.211626518689084e-03 7.227608498966354e+00
41.2 2.212028658885112e-03 7.170309467745603e+00
41.3 2.212332113692595e-03 7.116561991485757e+00
41.4 2.212615339932158e-03 7.063773040067080e+00
41.5 2.212936690459819e-03 7.009636758637585e+00
41.6 2.213391321315650e-03 6.951558027160321e+00
41.7 2.214298813900339e-03 6.887380716217482e+00
41.8 2.221009120901620e-03 6.965591603959845e+00
41.9 2.235405835840905e-03 7.315816542754739e+00
42 2.236421147498661e-03 7.250192935754772e+00
42.1 2.236894645438121e-03 7.191480717028423e+00
42.2 2.237220622717283e-03 7.137358024693574e+00
42.3 2.237502642446265e-03 7.085077044756357e+00
42.4 2.237798467532590e-03 7.032380937660795e+00
42.5 2.238177380680902e-03 6.976939361149512e+00
42.6 2.238809677981512e-03 6.916084197511417e+00
42.7 2.240697338945667e-03 6.858417751603314e+00
42.8 2.259076398232082e-03 7.339046447234794e+00
42.9 2.261070952445723e-03 7.280076267867463e+00
43 2.261697180668374e-03 7.218851542690067e+00
43.1 2.262071487337378e-03 7.163563141403864e+00
43.2 2.262364513821761e-03 7.111277788155975e+00
43.3 2.262644357987069e-03 7.059656685890086e+00
43.4 2.262966658179394e-03 7.006555491512488e+00
43.5 2.263426974964822e-03 6.949541584789122e+00
43.6 2.264351343341126e-03 6.886879690754383e+00
43.7 2.271130115388778e-03 6.970687967375382e+00
43.8 2.285353196704725e-03 7.317354175922131e+00
43.9 2.286388002241827e-03 7.253307244446993e+00
44 2.286867613748532e-03 7.195636445289754e+00
44.1 2.287194826794771e-03 7.142505225101353e+00
44.2 2.287473982080464e-03 7.091323102835850e+00
44.3 2.287760708044796e-03 7.039973571149867e+00
44.4 2.288116242814026e-03 6.986328329718232e+00
44.5 2.288675417678994e-03 6.927932408863536e+00
44.6 2.290061453565867e-03 6.867049085536562e+00
44.7 2.307339256389171e-03 7.323385304521833e+00
44.8 2.310816565536199e-03 7.296111516520191e+00
44.9 2.311565916653097e-03 7.234592040700275e+00
45 2.311976322770044e-03 7.179293615475677e+00
45.1 2.312279555502087e-03 7.127574419924246e+00
45.2 2.312553586089179e-03 7.077119419090511e+00
45.3 2.312849792687097e-03 7.025932687875258e+00
45.4 2.313237558746795e-03 6.971884647341724e+00
45.5 2.313896953568878e-03 6.912672900870224e+00
45.6 2.315934432786518e-03 6.860461799644360e+00
45.7 2.334076057288414e-03 7.338414403363839e+00
45.8 2.336035353139802e-03 7.282178217061436e+00
45.9 2.336665244326285e-03 7.222837197063853e+00
46 2.337040974718193e-03 7.169096196604803e+00
46.1 2.337331869601162e-03 7.118350731669894e+00
46.2 2.337604082359192e-03 7.068463504105666e+00
46.3 2.337907555393246e-03 7.017516496404785e+00
46.4 2.338318134672184e-03 6.963402237718120e+00
46.5 2.339051956300960e-03 6.904083735841901e+00
46.6 2.341747035901297e-03 6.865631976859357e+00
46.7 2.359554410118378e-03 7.334824998374851e+00
46.8 2.361127971232448e-03 7.275303712341071e+00
46.9 2.361708960277447e-03 7.217357676470563e+00
47 2.362069304547050e-03 7.164607274730084e+00
47.1 2.362354361143190e-03 7.114566193556241e+00
47.2 2.362625111435014e-03 7.065208513977953e+00
47.3 2.362930428458662e-03 7.014682292938162e+00
47.4 2.363347661146129e-03 6.960936384858041e+00
47.5 2.364102679789766e-03 6.902116597387485e+00
47.6 2.366989946403281e-03 6.869235252473336e+00
47.7 2.384601588582151e-03 7.334015366543069e+00
47.8 2.386129798348769e-03 7.275024827267580e+00
47.9 2.386705742373826e-03 7.217757897666457e+00
48 2.387064473638296e-03 7.165554159933341e+00
48.1 2.387348178152760e-03 7.116022669484698e+00
48.2 2.387616689826015e-03 7.067202275598484e+00
48.3 2.387917321445064e-03 7.017305933518870e+00
48.4 2.388322938023145e-03 6.964369097343061e+00
48.5 2.389037511214242e-03 6.906534768446995e+00
48.6 2.391471816067007e-03 6.864818154431830e+00
48.7 2.409283705323379e-03 7.336839054621926e+00
48.8 2.411044425080570e-03 7.281088627604881e+00
48.9 2.411656382609127e-03 7.223848192574376e+00
49 2.412026881477106e-03 7.171773455523780e+00
49.1 2.412313816544880e-03 7.122558925287210e+00
49.2 2.412579752887410e-03 7.074266755703159e+00
49.3 2.412870299031909e-03 7.025170129969442e+00
49.4 2.413249496213431e-03 6.973414092956086e+00
49.5 2.413879331117921e-03 6.917064044220814e+00
49.6 2.415631338316593e-03 6.864630742204747e+00
49.7 2.433255470063102e-03 7.334698600610028e+00
49.8 2.435848314274886e-03 7.293419725654019e+00
49.9 2.436554349421157e-03 7.235619964484769e+00
50 2.436954225612764e-03 7.183203214885655e+00
50.1 2.437251002662197e-03 7.134053463670869e+00
50.2 2.437515828154121e-03 7.086210910348033e+00
50.3 2.437793729557860e-03 7.037990586982004e+00
50.4 2.438138724425922e-03 6.987657905936743e+00
50.5 2.438668054055891e-03 6.933279645617072e+00
50.6 2.439857998997204e-03 6.876310330409998e+00
50.7 2.453522422533187e-03 7.221938085982866e+00
50.8 2.460463757760037e-03 7.311789376773112e+00
50.9 2.461381490936557e-03 7.253262056343243e+00
51 2.461840011091248e-03 7.199912209110846e+00
51.1 2.462157782685460e-03 7.150455977014527e+00
51.2 2.462426033805958e-03 7.102869125820416e+00
51.3 2.462692463422162e-03 7.055468985971300e+00
51.4 2.463002915446303e-03 7.006629844472510e+00
51.5 2.463438383595811e-03 6.954532923907019e+00
51.6 2.464248781495650e-03 6.898016001193982e+00
51.7 2.467602737561999e-03 6.881666223992969e+00
51.8 2.484606863070968e-03 7.333045611613898e+00
51.9 2.486092938627568e-03 7.277163252927788e+00
52 2.486669425364021e-03 7.222164072681919e+00
52.1 2.487028607877853e-03 7.171845257646906e+00
52.2 2.487309587925626e-03 7.124158938787009e+00
52.3 2.487569861589888e-03 7.077361011340515e+00
52.4 2.487851358582053e-03 7.029892069107696e+00
52.5 2.488210638985322e-03 6.980098280318235e+00
52.6 2.488780266754180e-03 6.926224774343812e+00
52.7 2.490150941757547e-03 6.872086405723222e+00
52.8 2.505873734094230e-03 7.290298201772090e+00
52.9 2.510558218368596e-03 7.307459744202577e+00
53 2.511408043665497e-03 7.250507267309572e+00
53.1 2.511850345370967e-03 7.198518440925820e+00
53.2 2.512161656262091e-03 7.150157318407850e+00
53.3 2.512426035899134e-03 7.103551627785951e+00
53.4 2.512688512111144e-03 7.057130599677905e+00
53.5 2.512992309507765e-03 7.009376442238204e+00
53.6 2.513411856569691e-03 6.958604522882410e+00
53.7 2.514164691850814e-03 6.903620033683970e+00
53.8 2.516796938587134e-03 6.871510790862123e+00
53.9 2.534157248385388e-03 7.336365015365903e+00
54 2.535962695945205e-03 7.285731462622199e+00
54.1 2.536592213993589e-03 7.231120728623718e+00
54.2 2.536969384914862e-03 7.181205556695703e+00
54.3 2.537255853043718e-03 7.134140011207283e+00
54.4 2.537513363791113e-03 7.088235775968276e+00
54.5 2.537782251539329e-03 7.042020671279561e+00
54.6 2.538109935077480e-03 6.993989900425029e+00
54.7 2.538592656324064e-03 6.942483774796782e+00
54.8 2.539567198324621e-03 6.887708704659167e+00
54.9 2.545493092070839e-03 6.956658195284017e+00
55 2.559961456184892e-03 7.326150298903944e+00
55.1 2.561172133253575e-03 7.270745138790542e+00
55.2 2.561701936359725e-03 7.218065369040087e+00
55.3 2.562045078901103e-03 7.169552716853135e+00
55.4 2.562318387064127e-03 7.123383006468915e+00
55.5 2.562573347609415e-03 7.077995527237134e+00
55.6 2.562848622467415e-03 7.031979508375438e+00
55.7 2.563195956365278e-03 6.983845499147503e+00
55.8 2.563731548261817e-03 6.932022218289304e+00
55.9 2.564919472192429e-03 6.878772483347682e+00
56 2.576894925860133e-03 7.169141157170210e+00
56.1 2.585277307485301e-03 7.317384543557422e+00
56.2 2.586276472552901e-03 7.262096098413414e+00
56.3 2.586759700022324e-03 7.210723012502250e+00
56.4 2.587085800530181e-03 7.163148033408331e+00
56.5 2.587352362499305e-03 7.117629764880443e+00
56.6 2.587606027517363e-03 7.072691753761696e+00
56.7 2.587884648582011e-03 7.026970360291466e+00
56.8 2.588242227218505e-03 6.979006576636629e+00
56.9 2.588805700850518e-03 6.927331034509210e+00
57 2.590114630333498e-03 6.875724040421362e+00
57.1 2.604204621319031e-03 7.243105016960184e+00
57.2 2.610371553284007e-03 7.313966682578534e+00
57.3 2.611306934462414e-03 7.259326629399514e+00
57.4 2.611775004191995e-03 7.208714035056260e+00
57.5 2.612095316479514e-03 7.161728709555945e+00
57.6 2.612359143427860e-03 7.116698279919849e+00
57.7 2.612611249443048e-03 7.072200705401071e+00
57.8 2.612888576724682e-03 7.026915753174121e+00
57.9 2.613244089923991e-03 6.979431133320862e+00
58 2.613801497655797e-03 6.928335902380325e+00
58.1 2.615075012468771e-03 6.877151445986196e+00
58.2 2.628315295027185e-03 7.215487815099880e+00
58.3 2.635300559518515e-03 7.316179403266022e+00
58.4 2.636272420723282e-03 7.262160652810685e+00
58.5 2.636750756853577e-03 7.211823235382071e+00
58.6 2.637074883468333e-03 7.165124717151715e+00
58.7 2.637339373614533e-03 7.120442593012646e+00
58.8 2.637589430230336e-03 7.076385372381586e+00
58.9 2.637860854524897e-03 7.031674098116406e+00
59 2.638202474754296e-03 6.984956473283132e+00
59.1 2.638722228960984e-03 6.934835812693634e+00
59.2 2.639826611373760e-03 6.883163788127271e+00
59.3 2.648298565329025e-03 7.049505701778598e+00
59.4 2.660036306701702e-03 7.323485954975872e+00
59.5 2.661167305365503e-03 7.270495633046702e+00
59.6 2.661684931227211e-03 7.219967424250187e+00
59.7 2.662023797295653e-03 7.173239834587713e+00
59.8 2.662293192937397e-03 7.128743515239783e+00
59.9 2.662541621809360e-03 7.085093519703419e+00
60 2.662804049987361e-03 7.041045147341082e+00
