0.1 1.118929070639191e-04 6.664179383967014e+00
0.2 1.615254080905031e-04 6.907749241116049e+00
0.3 1.871832976347221e-04 6.774303373893861e+00
0.4 2.125377627405088e-04 6.722805453085996e+00
0.5 2.376257043962890e-04 6.737231028504382e+00
0.6 2.624633637794448e-04 6.804072836333383e+00
0.7 2.872122409646185e-04 6.899415021535441e+00
0.8 3.118690273583541e-04 7.017087490144476e+00
0.9 3.357600726809593e-04 7.192196211345991e+00
1 3.377860129526291e-04 6.796825748408161e+00
1.1 3.621203190355447e-04 6.983292806694053e+00
1.2 3.859027399650058e-04 7.203105620302848e+00
1.3 3.876182960421823e-04 6.863331085801423e+00
1.4 4.118420506683790e-04 7.080442947225983e+00
1.5 4.132585468266530e-04 6.766275272768365e+00
1.6 4.371033244321182e-04 7.025871798584598e+00
1.7 4.394498226467780e-04 6.691750644130352e+00
1.8 4.622126189789557e-04 7.005927349089458e+00
1.9 4.658451529822284e-04 6.681157232154914e+00
2 4.872186387189393e-04 7.013496100863822e+00
2.1 4.894463782090837e-04 6.710577861922999e+00
2.2 5.121339031565106e-04 7.044511167941287e+00
2.3 5.134374221813923e-04 6.785148059570544e+00
2.4 5.369500490398464e-04 7.097207573772115e+00
2.5 5.378943964230030e-04 6.868452032783427e+00
2.6 5.615707710996768e-04 7.175400499656909e+00
2.7 5.625280127721128e-04 6.954836031608778e+00
2.8 5.846292544368359e-04 7.305574471610751e+00
2.9 5.871960301009890e-04 7.048385247795588e+00
3 5.882538266720102e-04 6.828059065970687e+00
3.1 6.117142267977566e-04 7.160805552415558e+00
3.2 6.125555805258865e-04 6.961194155029828e+00
3.3 6.303927283821036e-04 7.247351129895232e+00
3.4 6.370864554491045e-04 7.086733110365421e+00
3.5 6.378963894473797e-04 6.894743035825766e+00
3.6 6.611056069423640e-04 7.246416132273760e+00
3.7 6.622804025686223e-04 7.042407568382227e+00
3.8 6.632433502348073e-04 6.847111336169165e+00
3.9 6.865072809776271e-04 7.204076514940506e+00
4 6.873862974324931e-04 7.019791294574109e+00
4.1 6.885070437686957e-04 6.822549804984997e+00
4.2 7.116161408257273e-04 7.191136863303557e+00
4.3 7.124183348630488e-04 7.016163925318424e+00
4.4 7.135336264030821e-04 6.824809790023821e+00
4.5 7.365729445332985e-04 7.200295274961093e+00
4.6 7.373816510937979e-04 7.029659945561387e+00
4.7 7.383286903394649e-04 6.851272165992242e+00
4.8 7.613589074525120e-04 7.230551972053324e+00
4.9 7.622823143857540e-04 7.058565916071277e+00
5 7.630417822060808e-04 6.894830207813145e+00
5.1 7.857102921807622e-04 7.286940054461542e+00
5.2 7.871182704243268e-04 7.101869134421515e+00
5.3 7.877621995588217e-04 6.949256849585252e+00
5.4 7.920752534946448e-04 6.769924368474172e+00
5.5 8.118535182165240e-04 7.160816178347546e+00
5.6 8.124992815332935e-04 7.011867054399104e+00
5.7 8.135059859242861e-04 6.844449502355944e+00
5.8 8.363003145779495e-04 7.242910070572972e+00
5.9 8.372202770917294e-04 7.083458743635916e+00
6 8.378543575987868e-04 6.938765411246914e+00
6.1 8.448415766229094e-04 6.854739094039966e+00
6.2 8.618309842799862e-04 7.169369398937385e+00
6.3 8.624577188650945e-04 7.028449421186741e+00
6.4 8.632761778580290e-04 6.877297827129075e+00
6.5 8.857753460172678e-04 7.288970581566385e+00
6.6 8.870653737921950e-04 7.124301082818020e+00
6.7 8.876370577216520e-04 6.989908752409791e+00
6.8 8.888181553653325e-04 6.828413056295829e+00
6.9 9.113290536535092e-04 7.244270501795534e+00
7 9.121920943990880e-04 7.097837413892743e+00
7.1 9.127623927462371e-04 6.966521469831028e+00
7.2 9.144295722670771e-04 6.798198285799718e+00
7.3 9.365070732201690e-04 7.224459109848753e+00
7.4 9.372497205789161e-04 7.086602505311928e+00
7.5 9.378205451476600e-04 6.958101744475009e+00
7.6 9.397360041353458e-04 6.791139100551511e+00
7.7 9.615290157303207e-04 7.222873241536988e+00
7.8 9.622489438124257e-04 7.088996019700880e+00
7.9 9.628040931148267e-04 6.964116926064881e+00
8 9.644215552894564e-04 6.804571106014929e+00
8.1 9.864213561313992e-04 7.237479986049276e+00
8.2 9.871930155676159e-04 7.103988197911528e+00
8.3 9.877219662117595e-04 6.983190504971532e+00
8.4 9.888702065337749e-04 6.836867945504489e+00
8.5 1.011117895395775e-03 7.269113660690507e+00
8.6 1.012078830505854e-03 7.131033770853892e+00
8.7 1.012591832781687e-03 7.013544177199323e+00
8.8 1.013391424404414e-03 6.882013678398448e+00
8.9 1.035180324283163e-03 7.321463633012596e+00
9 1.036887285356245e-03 7.170523811453969e+00
9.1 1.037425652290497e-03 7.053785883456280e+00
9.2 1.038019101616589e-03 6.934311269575003e+00
9.3 1.041247530233123e-03 6.790093235933668e+00
9.4 1.061545534303876e-03 7.225061845949362e+00
9.5 1.062218427820074e-03 7.103647646467698e+00
9.6 1.062716841283424e-03 6.991568232673002e+00
9.7 1.063675370023280e-03 6.859715612551950e+00
9.8 1.085650008416570e-03 7.303154300826367e+00
9.9 1.086931314058125e-03 7.164901136926866e+00
10 1.087441533160976e-03 7.054102625539237e+00
10.1 1.088011589017125e-03 6.940358572744628e+00
10.2 1.090357620859572e-03 6.795975096792100e+00
10.3 1.111405235980711e-03 7.243889071061098e+00
10.4 1.112138450181750e-03 7.124385943298401e+00
10.5 1.112612700643581e-03 7.017755116433696e+00
10.6 1.113322916544944e-03 6.899797891324849e+00
10.7 1.133037993634851e-03 7.334425027881624e+00
10.8 1.136681573546471e-03 7.208769141046762e+00
10.9 1.137264090073501e-03 7.098147347407670e+00
11 1.137739789062946e-03 6.993421429748031e+00
11.1 1.138620446228018e-03 6.871562820242913e+00
11.2 1.160145273569056e-03 7.325197495694454e+00
11.3 1.161807863071932e-03 7.189853516613397e+00
11.4 1.162333146536545e-03 7.084071920332422e+00
11.5 1.162815266261378e-03 6.980880159533030e+00
11.6 1.163818684586165e-03 6.857829177577884e+00
11.7 1.185482462072726e-03 7.313187769897698e+00
11.8 1.186848007360807e-03 7.183993215162246e+00
11.9 1.187352986971720e-03 7.081098276470264e+00
12 1.187831020261145e-03 6.979926540868146e+00
12.1 1.188826698205794e-03 6.859396055739489e+00
12.2 1.210389442411746e-03 7.317429862872198e+00
12.3 1.211818379306738e-03 7.189821506725373e+00
12.4 1.212326485506572e-03 7.088497605500570e+00
12.5 1.212787686862333e-03 6.989933344883925e+00
12.6 1.213652786647474e-03 6.875177724619608e+00
12.7 1.234733992208251e-03 7.335625925227371e+00
12.8 1.236714370667717e-03 7.206947172185295e+00
12.9 1.237254804994219e-03 7.105697360461603e+00
13 1.237695108532025e-03 7.009863769328330e+00
13.1 1.238390533650158e-03 6.902705761975537e+00
13.2 1.253543691049635e-03 7.213527925335324e+00
13.3 1.261504382460804e-03 7.235976782957977e+00
13.4 1.262135000300475e-03 7.132403242583259e+00
13.5 1.262565148002603e-03 7.038612752277562e+00
13.6 1.263116787950176e-03 6.939035829868629e+00
13.7 1.265030549212016e-03 6.815678083197979e+00
13.8 1.286072000381423e-03 7.279251119814754e+00
13.9 1.286952220469433e-03 7.168959980097709e+00
14 1.287403404834211e-03 7.075444507558603e+00
14.1 1.287860119107718e-03 6.981926281492579e+00
14.2 1.288762274368908e-03 6.872161029851029e+00
14.3 1.309620630682022e-03 7.338005586461329e+00
14.4 1.311656883891718e-03 7.217081290306700e+00
14.5 1.312202160887963e-03 7.120422636330307e+00
14.6 1.312618524958180e-03 7.030367516402087e+00
14.7 1.313183273431319e-03 6.933466388805881e+00
14.8 1.315272703697675e-03 6.815710007725643e+00
14.9 1.336049473031430e-03 7.281622076259429e+00
15 1.336926687733961e-03 7.175034904010081e+00
15.1 1.337372870980537e-03 7.084656654490805e+00
15.2 1.337804380216980e-03 6.995310613211202e+00
15.3 1.338555225134246e-03 6.893385030878775e+00
15.4 1.356028843228017e-03 7.294667148044944e+00
15.5 1.361453526597230e-03 7.243729312837242e+00
15.6 1.362082629592892e-03 7.146653631292965e+00
15.7 1.362494071686838e-03 7.059523067831041e+00
15.8 1.362959344092108e-03 6.969954788132929e+00
15.9 1.363963527581915e-03 6.863521234683532e+00
16 1.384827257648827e-03 7.335074566382580e+00
16.1 1.386637825594449e-03 7.221142146492694e+00
16.2 1.387173205887369e-03 7.129293916187322e+00
16.3 1.387572406104473e-03 7.044164682355357e+00
16.4 1.388068593152081e-03 6.954589173415627e+00
16.5 1.389321290978810e-03 6.846233164453291e+00
16.6 1.410370476735222e-03 7.319914194637729e+00
16.7 1.411716367965649e-03 7.210540225245235e+00
16.8 1.412214256277498e-03 7.121693211104438e+00
16.9 1.412607654861200e-03 7.038145505720663e+00
17 1.413114972270889e-03 6.949454210353032e+00
17.1 1.414463250071137e-03 6.842097038219205e+00
17.2 1.435443618498492e-03 7.317151095066436e+00
17.3 1.436720483314057e-03 7.210376679686047e+00
17.4 1.437211457562763e-03 7.123133328519659e+00
17.5 1.437599574879208e-03 7.041067770216345e+00
17.6 1.438091404172061e-03 6.954341824338159e+00
17.7 1.439307336515540e-03 6.850155610685730e+00
17.8 1.460176880548944e-03 7.326708712596662e+00
17.9 1.461654568706019e-03 7.220038651343528e+00
18 1.462166207646009e-03 7.133158760663258e+00
18.1 1.462550404758981e-03 7.052435618758598e+00
18.2 1.463006538361826e-03 6.968495035538556e+00
18.3 1.463970062989013e-03 6.869688629357185e+00
18.4 1.484149369962966e-03 7.342642937750718e+00
18.5 1.486502571038918e-03 7.239608898302654e+00
18.6 1.487076062725868e-03 7.151537864117237e+00
18.7 1.487463873852062e-03 7.071708579234437e+00
18.8 1.487878361054077e-03 6.990819760783136e+00
18.9 1.488601474081042e-03 6.898904747828653e+00
19 1.496649000485141e-03 6.965132382325113e+00
19.1 1.511206717467946e-03 7.270065194819639e+00
19.2 1.511930859871117e-03 7.178413237749043e+00
19.3 1.512341785927272e-03 7.098482756507667e+00
19.4 1.512723224180456e-03 7.020243134272695e+00
19.5 1.513268713876869e-03 6.935202913817184e+00
19.6 1.514946754587255e-03 6.834351864317078e+00
19.7 1.535538125131065e-03 7.313326114110096e+00
19.8 1.536700916183863e-03 7.214637658307549e+00
19.9 1.537179120615660e-03 7.132736828427576e+00
20 1.537548942253258e-03 7.056040457392117e+00
20.1 1.537980672942077e-03 6.976648025949963e+00
20.2 1.538811005713659e-03 6.884950650714211e+00
20.3 1.556022561440071e-03 7.295746306371055e+00
20.4 1.561292466152739e-03 7.262492495240206e+00
20.5 1.561955064827486e-03 7.175197617551373e+00
20.6 1.562351788556355e-03 7.098097443042726e+00
20.7 1.562724287233360e-03 7.022407125609513e+00
20.8 1.563248024116954e-03 6.940520158709721e+00
20.9 1.564697002494493e-03 6.843534141692881e+00
21 1.585219254254019e-03 7.325498559877694e+00
21.1 1.586604968815147e-03 7.228039909399660e+00
21.2 1.587111420133820e-03 7.147211351116371e+00
21.3 1.587478017282828e-03 7.072662244902603e+00
21.4 1.587871569306406e-03 6.997058172468852e+00
21.5 1.588516567117359e-03 6.912486856409876e+00
21.6 1.591569131956199e-03 6.832904621165739e+00
21.7 1.610858549752956e-03 7.296323453283403e+00
21.8 1.611769107706128e-03 7.205740093113775e+00
21.9 1.612209519617804e-03 7.128660431856674e+00
22 1.612565686519339e-03 7.055652969965079e+00
22.1 1.612983279521456e-03 6.980029659929109e+00
22.2 1.613750858706738e-03 6.893645600210433e+00
22.3 1.622866441567481e-03 7.014029287639712e+00
22.4 1.636101495033790e-03 7.279323769801394e+00
22.5 1.636852628590241e-03 7.193312633080120e+00
22.6 1.637263215610251e-03 7.118539595793164e+00
22.7 1.637615365749171e-03 7.046699830098823e+00
22.8 1.638047741939410e-03 6.971473991045151e+00
22.9 1.638892039005225e-03 6.884828195700205e+00
23 1.654615793418618e-03 7.254715673613683e+00
23.1 1.661177114699678e-03 7.273214486885526e+00
23.2 1.661878058063954e-03 7.189601007580405e+00
23.3 1.662277728936410e-03 7.116270726643167e+00
23.4 1.662626271389013e-03 7.045525891412804e+00
23.5 1.663056686559872e-03 6.971358694190208e+00
23.6 1.663892401421564e-03 6.886117950160247e+00
23.7 1.678379334443598e-03 7.213951706686003e+00
23.8 1.686131959029751e-03 7.276974400544244e+00
23.9 1.686852117741136e-03 7.194018383030413e+00
24 1.687255022855483e-03 7.121461709965379e+00
24.1 1.687599136767808e-03 7.051801065743650e+00
24.2 1.688010874873344e-03 6.979324703872326e+00
24.3 1.688758706864368e-03 6.896963909450411e+00
24.4 1.694731898361548e-03 6.908598926485563e+00
24.5 1.710951359736877e-03 7.290323713733243e+00
24.6 1.711772152279447e-03 7.206354319863419e+00
24.7 1.712195129899091e-03 7.133838937376778e+00
24.8 1.712536569692354e-03 7.065130210839161e+00
24.9 1.712919712108517e-03 6.994729714902847e+00
25 1.713543938176451e-03 6.916335165365382e+00
25.1 1.715945215148911e-03 6.836077316125313e+00
25.2 1.735532675778271e-03 7.313404138568584e+00
25.3 1.736623573240039e-03 7.226802007735190e+00
25.4 1.737094988489289e-03 7.153293316999589e+00
25.5 1.737441365030404e-03 7.085133298283093e+00
25.6 1.737795712683222e-03 7.016812747523114e+00
25.7 1.738301852363501e-03 6.942821004867556e+00
25.8 1.739560917770385e-03 6.857155123795529e+00
25.9 1.759330886647505e-03 7.341186140368009e+00
26 1.761365005145213e-03 7.256138828739060e+00
26.1 1.761944623401630e-03 7.180013604861605e+00
26.2 1.762313607813892e-03 7.111582333938230e+00
26.3 1.762648487073150e-03 7.044904405880994e+00
26.4 1.763062558890009e-03 6.975029490272197e+00
26.5 1.763825630304043e-03 6.895720422213672e+00
26.6 1.769629054460585e-03 6.908424339876664e+00
26.7 1.785862993291167e-03 7.295925368073958e+00
26.8 1.786717096925823e-03 7.214744921698964e+00
26.9 1.787146542133521e-03 7.144589882400528e+00
27 1.787480952918490e-03 7.078629173401429e+00
27.1 1.787834668423753e-03 7.011992016736530e+00
27.2 1.788350625667541e-03 6.939554582838013e+00
27.3 1.789658913877369e-03 6.856438329539614e+00
27.4 1.809299619968103e-03 7.341163486943665e+00
27.5 1.811333891482218e-03 7.259263633112309e+00
27.6 1.811918347174784e-03 7.184888909862428e+00
27.7 1.812286575997413e-03 7.118093953064964e+00
27.8 1.812613348856458e-03 7.053339429460476e+00
27.9 1.813001396986078e-03 6.986132869682204e+00
28 1.813657654192392e-03 6.911017404015150e+00
28.1 1.816330314417866e-03 6.842161324579227e+00
28.2 1.835457627242625e-03 7.316238310401955e+00
28.3 1.836566048036877e-03 7.234352032721703e+00
28.4 1.837043150596730e-03 7.164146758743310e+00
28.5 1.837383865120888e-03 7.099378961611631e+00
28.6 1.837713711208521e-03 7.035291372952426e+00
28.7 1.838139637402293e-03 6.967503207337741e+00
28.8 1.838955748780913e-03 6.890502449802579e+00
28.9 1.846587508595167e-03 6.975045486981198e+00
29 1.860846044264504e-03 7.296753592701420e+00
29.1 1.861689402801672e-03 7.218916716315592e+00
29.2 1.862116997554987e-03 7.151281823868158e+00
29.3 1.862444929029428e-03 7.087863961711288e+00
29.4 1.862779489560746e-03 7.024337440249805e+00
29.5 1.863234323880044e-03 6.956390498998717e+00
29.6 1.864182555896767e-03 6.878853969369350e+00
29.7 1.879859318362018e-03 7.263097747882576e+00
29.8 1.885996931476414e-03 7.286908081277876e+00
29.9 1.886743793016500e-03 7.211662600774175e+00
30 1.887149965972579e-03 7.145609923146356e+00
30.1 1.887471770206221e-03 7.083201693829766e+00
30.2 1.887807261207583e-03 7.020371558043485e+00
30.3 1.888271452470419e-03 6.952935940522897e+00
30.4 1.889262551661781e-03 6.876102417634659e+00
30.5 1.905812609436715e-03 7.290539880646886e+00
30.6 1.911009428626538e-03 7.285963647940634e+00
30.7 1.911743023713346e-03 7.211899486857703e+00
30.8 1.912146008412776e-03 7.146716981809822e+00
30.9 1.912465261804351e-03 7.085118106333857e+00
31 1.912795845556213e-03 7.023200753891808e+00
31.1 1.913246071860468e-03 6.956989982052458e+00
31.2 1.914167611459149e-03 6.881815599829778e+00
31.3 1.927550702604400e-03 7.187562306219214e+00
31.4 1.935895370652435e-03 7.293455656855083e+00
31.5 1.936688805070709e-03 7.219315480475498e+00
31.6 1.937105868672820e-03 7.154346522097939e+00
31.7 1.937426374045688e-03 7.093352687776370e+00
31.8 1.937747474690773e-03 7.032508990688648e+00
31.9 1.938165350020537e-03 6.968100769918936e+00
32 1.938944796631965e-03 6.895568425727521e+00
32.1 1.943777406358935e-03 6.890907479011503e+00
32.2 1.960604271659296e-03 7.309222879246318e+00
32.3 1.961572258355278e-03 7.233917856624103e+00
32.4 1.962027224178529e-03 7.168385596186768e+00
32.5 1.962355887778694e-03 7.107670418994454e+00
32.6 1.962666762716680e-03 7.047899108213493e+00
32.7 1.963044130180818e-03 6.985606522285113e+00
32.8 1.963668347885268e-03 6.916586071756901e+00
32.9 1.965734104944275e-03 6.847740785116990e+00
33 1.984916477432456e-03 7.331816791959049e+00
33.1 1.986366338390444e-03 7.256087746212480e+00
33.2 1.986902530314113e-03 7.188924781907588e+00
33.3 1.987252901243734e-03 7.127927273247158e+00
33.4 1.987558275216429e-03 7.068987081770354e+00
33.5 1.987897374441014e-03 7.008791235190898e+00
33.6 1.988389753716426e-03 6.943643022513319e+00
33.7 1.989506292225736e-03 6.870388545468182e+00
33.8 2.007014953937963e-03 7.318927206022895e+00
33.9 2.010994469410640e-03 7.286650295578655e+00
34 2.011712819202100e-03 7.216395450361004e+00
34.1 2.012112051413634e-03 7.154181215946180e+00
34.2 2.012423777876150e-03 7.095522513241695e+00
34.3 2.012734874207629e-03 7.037056627434295e+00
34.4 2.013130042778268e-03 6.975532672860197e+00
34.5 2.013820230765065e-03 6.906996632349314e+00
34.6 2.016564825343629e-03 6.852365627804021e+00
34.7 2.035158601711682e-03 7.325433728104912e+00
34.8 2.036408886357916e-03 7.251805668634669e+00
34.9 2.036917970717571e-03 7.186862734516634e+00
35 2.037259293651263e-03 7.127526579417746e+00
35.1 2.037559216119924e-03 7.070070592621819e+00
35.2 2.037891039341311e-03 7.011446948371051e+00
35.3 2.038364195746413e-03 6.948277886854883e+00
35.4 2.039376481504362e-03 6.877424976905656e+00
35.5 2.054174678057246e-03 7.242138286072628e+00
35.6 2.060830199048254e-03 7.296831205378936e+00
35.7 2.061630308265499e-03 7.227058494965393e+00
35.8 2.062050183570040e-03 7.165473365839326e+00
35.9 2.062364741892712e-03 7.107895258436116e+00
36 2.062664644009936e-03 7.051095430179029e+00
36.1 2.063022987738334e-03 6.992141236255287e+00
36.2 2.063585577206743e-03 6.927550145230013e+00
36.3 2.065087182945725e-03 6.858269264233335e+00
36.4 2.083858292761659e-03 7.340546778668235e+00
36.5 2.086124029781300e-03 7.276913747129083e+00
36.6 2.086757498363401e-03 7.210597137831562e+00
36.7 2.087134001441601e-03 7.151152384068700e+00
36.8 2.087435901257421e-03 7.094737238948800e+00
36.9 2.087739469806399e-03 7.038407906561876e+00
37 2.088121538566786e-03 6.979286006405981e+00
37.1 2.088765031950632e-03 6.913920529595148e+00
37.2 2.090881625685098e-03 6.852423230857278e+00
37.3 2.109690351542163e-03 7.335033526262196e+00
37.4 2.111262412082089e-03 7.265437084715344e+00
37.5 2.111824010857338e-03 7.201349456242751e+00
37.6 2.112179510619839e-03 7.143292929338187e+00
37.7 2.112475244687421e-03 7.087736194507086e+00
37.8 2.112781123723343e-03 7.031909788577151e+00
37.9 2.113176363282697e-03 6.973000462821432e+00
38 2.113865763649479e-03 6.907695469007485e+00
38.1 2.116424210645904e-03 6.855075667552989e+00
38.2 2.134909940980869e-03 7.330880981257776e+00
38.3 2.136305056645010e-03 7.261553166641284e+00
38.4 2.136842960073602e-03 7.198704134281954e+00
38.5 2.137190982887932e-03 7.141522098327145e+00
38.6 2.137483604658373e-03 7.086663565927875e+00
38.7 2.137787794783382e-03 7.031476762126561e+00
38.8 2.138181026062922e-03 6.973250648417700e+00
38.9 2.138862909978982e-03 6.908816629441261e+00
39 2.141300945784904e-03 6.855247875234925e+00
39.1 2.159801481019385e-03 7.332802270187861e+00
39.2 2.161268043748600e-03 7.264778236745496e+00
39.3 2.161818401833538e-03 7.202328309387740e+00
39.4 2.162169936805393e-03 7.145593488920299e+00
39.5 2.162461678539867e-03 7.091310692748115e+00
39.6 2.162759962937882e-03 7.036905502412244e+00
39.7 2.163136445066898e-03 6.979802940072073e+00
39.8 2.163761212397940e-03 6.916968321026580e+00
39.9 2.165648688646302e-03 6.855940182056310e+00
40 2.184277506928078e-03 7.338776818850617e+00
40.1 2.186143692634715e-03 7.274966540333494e+00
40.2 2.186748149708563e-03 7.212097449742950e+00
40.3 2.187115924024820e-03 7.155353732315683e+00
40.4 2.187410300045592e-03 7.101476099188186e+00
40.5 2.187700411530052e-03 7.047917298563696e+00
40.6 2.188050400764618e-03 6.992249879834143e+00
40.7 2.188590750950019e-03 6.931626173087493e+00
40.8 2.189908308853008e-03 6.866586865076188e+00
40.9 2.207469575157461e-03 7.326233016545309e+00
41 2.210893014554371e-03 7.292224875724550e+00
41.1 2.211622289468205e-03 7.228102416896081e+00
41.2 2.212025826507118e-03 7.170761169044159e+00
41.3 2.212329730558608e-03 7.116994779957226e+00
41.4 2.212612912095202e-03 7.064205731241405e+00
41.5 2.212933683474710e-03 7.010088356429485e+00
41.6 2.213386556871345e-03 6.952051306024619e+00
41.7 2.214286933805337e-03 6.887907395184698e+00
41.8 2.220748510585323e-03 6.957209996328252e+00
41.9 2.235390707367525e-03 7.316365312513925e+00
42 2.236415776767219e-03 7.250714312830334e+00
42.1 2.236891407099425e-03 7.191950207044107e+00
42.2 2.237218098480401e-03 7.137800619000961e+00
42.3 2.237500251409889e-03 7.085512452301759e+00
42.4 2.237795740795228e-03 7.032827265752668e+00
42.5 2.238173535966647e-03 6.977417366108872e+00
42.6 2.238802201876174e-03 6.916613099301744e+00
42.7 2.240662411909460e-03 6.858575455062446e+00
42.8 2.259033428305729e-03 7.339126052493274e+00
42.9 2.261063013517829e-03 7.280632942286539e+00
43 2.261693165218293e-03 7.219347472418757e+00
43.1 2.262068672359999e-03 7.164021017725376e+00
43.2 2.262362078794990e-03 7.111719348773150e+00
43.3 2.262641831062810e-03 7.060099996026043e+00
43.4 2.262963490025362e-03 7.007019213191204e+00
43.5 2.263421915935215e-03 6.950047785267078e+00
43.6 2.264338664300225e-03 6.887412457635965e+00
43.7 2.270861139468142e-03 6.962014562303764e+00
43.8 2.285337058082032e-03 7.317906105216649e+00
43.9 2.286382304391366e-03 7.253841987861308e+00
44 2.286864201267805e-03 7.196118626905806e+00
44.1 2.287192194740395e-03 7.142959078992291e+00
44.2 2.287471529121817e-03 7.091768084355889e+00
44.3 2.287757978537775e-03 7.040427226903146e+00
44.4 2.288112543195410e-03 6.986810244596789e+00
44.5 2.288668775519668e-03 6.928463111877031e+00
44.6 2.290038608661081e-03 6.867468288157201e+00
44.7 2.307228323406040e-03 7.321398245926474e+00
44.8 2.310806056279746e-03 7.296688076494526e+00
44.9 2.311561175598527e-03 7.235112663119760e+00
45 2.311973196922881e-03 7.179769775826755e+00
45.1 2.312276989356926e-03 7.128028644645657e+00
45.2 2.312551067933801e-03 7.077569896588469e+00
45.3 2.312846846960309e-03 7.026396917253788e+00
45.4 2.313233323271842e-03 6.972382886668496e+00
45.5 2.313888551913161e-03 6.913219706670487e+00
45.6 2.315893156105285e-03 6.860485716497654e+00
45.7 2.334032271039161e-03 7.338497108718290e+00
45.8 2.336026860327458e-03 7.282751597478240e+00
45.9 2.336660935590185e-03 7.223351601141047e+00
46 2.337037973206978e-03 7.169571346329255e+00
46.1 2.337329310705954e-03 7.118807772784388e+00
46.2 2.337601491085257e-03 7.068919942334728e+00
46.3 2.337904430917917e-03 7.017989851112622e+00
46.4 2.338313476539176e-03 6.963912943477945e+00
46.5 2.339042091915566e-03 6.904638261229267e+00
46.6 2.341682221926094e-03 6.864982318444007e+00
46.7 2.359522819353511e-03 7.335177069250133e+00
46.8 2.361120186391845e-03 7.275876033084816e+00
46.9 2.361704797370049e-03 7.217872085279926e+00
47 2.362066328627108e-03 7.165084891114033e+00
47.1 2.362351780520822e-03 7.115027379464994e+00
47.2 2.362622464658971e-03 7.065670393962077e+00
47.3 2.362927203701285e-03 7.015162268230691e+00
47.4 2.363342804621589e-03 6.961454671057517e+00
47.5 2.364092235236898e-03 6.902675674786139e+00
47.6 2.366916622897777e-03 6.868322012675886e+00
47.7 2.384570874246447e-03 7.334390168528286e+00
47.8 2.386121950654828e-03 7.275601872089059e+00
47.9 2.386701515594473e-03 7.218277599825734e+00
48 2.387061447418697e-03 7.166037058021595e+00
48.1 2.387345558504060e-03 7.116488864206195e+00
48.2 2.387614016179529e-03 7.067668690143350e+00
48.3 2.387914093021890e-03 7.017789656538092e+00
48.4 2.388318154663742e-03 6.964889886170427e+00
48.5 2.389027607462765e-03 6.907098459334151e+00
48.6 2.391414901143080e-03 6.864431178078014e+00
48.7 2.409244915245700e-03 7.337057479852095e+00
48.8 2.411035762678660e-03 7.281675925360227e+00
48.9 2.411651877957143e-03 7.224378401355072e+00
49 2.412023725119754e-03 7.172264500391920e+00
49.1 2.412311137157484e-03 7.123031105717322e+00
49.2 2.412577076433870e-03 7.074736981973968e+00
49.3 2.412867152680747e-03 7.025655037498333e+00
49.4 2.413245015056165e-03 6.973932729909691e+00
49.5 2.413870764383401e-03 6.917629064314062e+00
49.6 2.415596246468386e-03 6.864837231699568e+00
49.7 2.433182532782008e-03 7.334018376532169e+00
49.8 2.435837651718389e-03 7.294019113116248e+00
49.9 2.436549269045915e-03 7.236166564156818e+00
50 2.436950828022574e-03 7.183705990174689e+00
50.1 2.437248224284018e-03 7.134533266248357e+00
50.2 2.437513154025893e-03 7.086684936869490e+00
50.3 2.437790716702914e-03 7.038475022348623e+00
50.4 2.438134672484104e-03 6.988170792563885e+00
50.5 2.438661065441796e-03 6.933838536902723e+00
50.6 2.439837533957498e-03 6.876801950592373e+00
50.7 2.453192292779244e-03 7.211338755001663e+00
50.8 2.460448279313384e-03 7.312381279251595e+00
50.9 2.461375304898408e-03 7.253831939849370e+00
51 2.461836187800554e-03 7.200431726324987e+00
51.1 2.462154828900226e-03 7.150946258342016e+00
51.2 2.462423336040945e-03 7.103348128636988e+00
51.3 2.462689589975786e-03 7.055952672089835e+00
51.4 2.462999311982521e-03 7.007135095756858e+00
51.5 2.463432819138617e-03 6.955078641318339e+00
51.6 2.464236412533777e-03 6.898589510928037e+00
51.7 2.467504734033362e-03 6.879955023236068e+00
51.8 2.484575449808425e-03 7.333432842910645e+00
51.9 2.486084461263972e-03 7.277762023235217e+00
52 2.486664828231718e-03 7.222707532965878e+00
52.1 2.487025334057419e-03 7.172350749160124e+00
52.2 2.487306796372110e-03 7.124645751154519e+00
52.3 2.487567085978542e-03 7.077845404128913e+00
52.4 2.487848142517231e-03 7.030389949586729e+00
52.5 2.488206190416667e-03 6.980627585449115e+00
52.6 2.488772290436607e-03 6.926799657712903e+00
52.7 2.490125105453829e-03 6.872504175916990e+00
52.8 2.505679035123661e-03 7.285273255207561e+00
52.9 2.510543785583555e-03 7.308066977909999e+00
53 2.511401906127055e-03 7.251084232804774e+00
53.1 2.511846469235292e-03 7.199046609197614e+00
53.2 2.512158632751190e-03 7.150657010613500e+00
53.3 2.512423266704299e-03 7.104040236330972e+00
53.4 2.512685571447940e-03 7.057623668537052e+00
53.5 2.512988657467369e-03 7.009890328895477e+00
53.6 2.513406334025040e-03 6.959157437782251e+00
53.7 2.514153046654554e-03 6.904205304183151e+00
53.8 2.516727951471948e-03 6.870802034729759e+00
53.9 2.534113734834341e-03 7.336512482056999e+00
54 2.535952834772663e-03 7.286346333546941e+00
54.1 2.536587117451059e-03 7.231682692762656e+00
54.2 2.536965863192442e-03 7.181726320889998e+00
54.3 2.537252932443556e-03 7.134638869686838e+00
54.4 2.537510548245043e-03 7.088728956260539e+00
54.5 2.537779111561361e-03 7.042523503617538e+00
54.6 2.538105818416669e-03 6.994519210081938e+00
54.7 2.538585938793134e-03 6.943056361388146e+00
54.8 2.539550506792328e-03 6.888267264193102e+00
54.9 2.545250447980594e-03 6.949346193149900e+00
55 2.559937028999930e-03 7.326669735544027e+00
55.1 2.561164100667267e-03 7.271352840210525e+00
55.2 2.561697340682996e-03 7.218619800247557e+00
55.3 2.562041724869608e-03 7.170071292197812e+00
55.4 2.562315493140157e-03 7.123883917533997e+00
55.5 2.562570461654809e-03 7.078494341144367e+00
55.6 2.562845296885231e-03 7.032491507692349e+00
55.7 2.563191431665388e-03 6.984387727272283e+00
55.8 2.563723744308673e-03 6.932608606770787e+00
55.9 2.564897236395326e-03 6.879267556000233e+00
56 2.576479575306346e-03 7.155337285992217e+00
56.1 2.585258351407666e-03 7.317974558060843e+00
56.2 2.586269201919471e-03 7.262700145094097e+00
56.3 2.586755316935987e-03 7.211275791641516e+00
56.4 2.587082504680238e-03 7.163667974714294e+00
56.5 2.587349456508471e-03 7.118134334369422e+00
56.6 2.587603077123457e-03 7.073196138634885e+00
56.7 2.587881192256058e-03 7.027489768390470e+00
56.8 2.588237440064111e-03 6.979557985987227e+00
56.9 2.588797224744037e-03 6.927925827794197e+00
57 2.590088769664308e-03 6.876166323889467e+00
57.1 2.603908209762521e-03 7.234044483341783e+00
57.2 2.610353949768922e-03 7.314573670992191e+00
57.3 2.611299825185873e-03 7.259932767020975e+00
57.4 2.611770639006388e-03 7.209269959697720e+00
57.5 2.612092002292065e-03 7.162252703210820e+00
57.6 2.612356204865042e-03 7.117207446813385e+00
57.7 2.612608257440918e-03 7.072710008642233e+00
57.8 2.612885070187817e-03 7.027440218873198e+00
57.9 2.613239244940949e-03 6.979987477506426e+00
58 2.613792983250897e-03 6.928935159879607e+00
58.1 2.615049714451734e-03 6.877609541944226e+00
58.2 2.627967908291211e-03 7.204380552774765e+00
58.3 2.635281702204973e-03 7.316780691499247e+00
58.4 2.636264979020819e-03 7.262774661054934e+00
58.5 2.636746236211397e-03 7.212386735533460e+00
58.6 2.637071481247643e-03 7.165655221218003e+00
58.7 2.637336385338124e-03 7.120957160152821e+00
58.8 2.637586422127992e-03 7.076898864864543e+00
58.9 2.637857381100918e-03 7.032201255453163e+00
59 2.638197778081434e-03 6.985513598469796e+00
59.1 2.638714289908969e-03 6.935435716513116e+00
59.2 2.639805465284111e-03 6.883691663361246e+00
59.3 2.647900206662003e-03 7.036137172447226e+00
59.4 2.660012660925290e-03 7.324038442145601e+00
59.5 2.661158929056083e-03 7.271122745509373e+00
59.6 2.661680048863728e-03 7.220543222760038e+00
59.7 2.662020221876505e-03 7.173779652454618e+00
59.8 2.662290127243267e-03 7.129264641081263e+00
59.9 2.662538611692264e-03 7.085610880264989e+00
60 2.662800672848034e-03 7.041573155409230e+00
