0.1 1.118912706496181e-04 6.664593432376678e+00
0.2 1.614939343870754e-04 6.912212723075251e+00
0.3 1.871653894870700e-04 6.778208952049502e+00
0.4 2.125088447077621e-04 6.728360410210689e+00
0.5 2.375887638618197e-04 6.744083054991612e+00
0.6 2.624296401200946e-04 6.811273280771889e+00
0.7 2.871790812868689e-04 6.907054473729286e+00
0.8 3.118141346745509e-04 7.027203905766008e+00
0.9 3.353486399859795e-04 7.214110966744997e+00
1 3.377142558060658e-04 6.809740524203912e+00
1.1 3.620678980082169e-04 6.995149974094673e+00
1.2 3.854783127055191e-04 7.228243846726066e+00
1.3 3.875530438951321e-04 6.877091463824682e+00
1.4 4.117470013645396e-04 7.096829940270866e+00
1.5 4.130939168140014e-04 6.786819759940094e+00
1.6 4.370326687616096e-04 7.041335345878376e+00
1.7 4.388387656228699e-04 6.722210294529496e+00
1.8 4.621427625520386e-04 7.022156577820411e+00
1.9 4.643089943552776e-04 6.706089874873003e+00
2 4.871439546586189e-04 7.030764320762589e+00
2.1 4.888045561766293e-04 6.743611810499495e+00
2.2 5.120479898890404e-04 7.063354712625513e+00
2.3 5.131985796631801e-04 6.811908703832749e+00
2.4 5.368323427889592e-04 7.118882344265005e+00
2.5 5.377705180051707e-04 6.890597311354737e+00
2.6 5.613242782756912e-04 7.204004473787512e+00
2.7 5.624382986199333e-04 6.975406013450517e+00
2.8 5.705849791881165e-04 6.837962208324063e+00
2.9 5.870979628995094e-04 7.070256368209312e+00
3 5.880444792338026e-04 6.856035525520341e+00
3.1 6.115012422791613e-04 7.189788915960694e+00
3.2 6.124552635060911e-04 6.983944537767501e+00
3.3 6.149824908994404e-04 6.730218842423782e+00
3.4 6.369631728056959e-04 7.111746000695641e+00
3.5 6.377524628418237e-04 6.920944394394894e+00
3.6 6.603922473978676e-04 7.288245235309777e+00
3.7 6.621716160202703e-04 7.067152774500380e+00
3.8 6.630176842213472e-04 6.878093442473186e+00
3.9 6.861433895628043e-04 7.240938086396078e+00
4 6.872761560237882e-04 7.045313489835300e+00
4.1 6.881927063282815e-04 6.857598089168158e+00
4.2 7.113035293563154e-04 7.227261861232687e+00
4.3 7.123034745326872e-04 7.042697998532698e+00
4.4 7.132022833362992e-04 6.861201258243320e+00
4.5 7.362196224640687e-04 7.238582314062435e+00
4.6 7.372612639930435e-04 7.057284801045297e+00
4.7 7.380588838922056e-04 6.886346868119834e+00
4.8 7.608120280433662e-04 7.274314458916146e+00
4.9 7.621515898738413e-04 7.087597042912865e+00
5 7.628431867069479e-04 6.927552715520096e+00
5.1 7.836927763186759e-04 7.326476919108965e+00
5.2 7.869597965114931e-04 7.133374123493590e+00
5.3 7.876096049447283e-04 6.980217908171328e+00
5.4 7.892284616219724e-04 6.788258038619457e+00
5.5 8.116091607547428e-04 7.197487181243860e+00
5.6 8.123636770550845e-04 7.042528484530996e+00
5.7 8.131550049416263e-04 6.884657603411029e+00
5.8 8.356034841891294e-04 7.291802232153986e+00
5.9 8.370652015078678e-04 7.116144761203163e+00
6 8.376778031976320e-04 6.972485120984139e+00
6.1 8.393801269917135e-04 6.789069185403619e+00
6.2 8.615557826929695e-04 7.208892082215392e+00
6.3 8.623125450570049e-04 7.061113602975388e+00
6.4 8.629908876788747e-04 6.916749946814749e+00
6.5 8.835122546290771e-04 7.330390935892623e+00
6.6 8.868659758156502e-04 7.160978625590152e+00
6.7 8.874790292174844e-04 7.023994329528838e+00
6.8 8.883113946132706e-04 6.875080111380791e+00
6.9 9.105837255785319e-04 7.296602340920272e+00
7 9.120134609415590e-04 7.134030433270575e+00
7.1 9.125853055207910e-04 7.002376718812577e+00
7.2 9.135784840544705e-04 6.850221192594647e+00
7.3 9.359540581036866e-04 7.274667642630062e+00
7.4 9.370737392527352e-04 7.123317073233059e+00
7.5 9.376295943503983e-04 6.995410792819226e+00
7.6 9.386749368513290e-04 6.844850806624704e+00
7.7 9.609786241332979e-04 7.273887622141009e+00
7.8 9.620665352362271e-04 7.126780618714511e+00
7.9 9.626107427137291e-04 7.002256520911345e+00
8 9.635536506712643e-04 6.858612587636021e+00
8.1 9.857218281264996e-04 7.292002825787118e+00
8.2 9.869943721012282e-04 7.143413615627555e+00
8.3 9.875351724939775e-04 7.021682627162164e+00
8.4 9.883042380416443e-04 6.888077022971267e+00
8.5 1.009776746341043e-03 7.327493297960139e+00
8.6 1.011844252157619e-03 7.173096613013228e+00
8.7 1.012411903083862e-03 7.052383437984352e+00
8.8 1.013028226247150e-03 6.928796837418332e+00
8.9 1.017792866389492e-03 6.811329629184208e+00
9 1.036564872302809e-03 7.217248792605417e+00
9.1 1.037242077162847e-03 7.093613197089314e+00
9.2 1.037766179059389e-03 6.977506511188018e+00
9.3 1.038952827834459e-03 6.835697552685149e+00
9.4 1.060933214472521e-03 7.280739459007732e+00
9.5 1.062004345286915e-03 7.146000801009645e+00
9.6 1.062515365567528e-03 7.032950100765127e+00
9.7 1.063179506190631e-03 6.911853415056934e+00
9.8 1.079334972537547e-03 7.235817251688478e+00
9.9 1.086610696342644e-03 7.213036997744207e+00
10 1.087247276117875e-03 7.095912792297179e+00
10.1 1.087749597197911e-03 6.985395281730273e+00
10.2 1.088766343779750e-03 6.853771208573550e+00
10.3 1.110544756467660e-03 7.304904341536103e+00
10.4 1.111890336657830e-03 7.169937813147089e+00
10.5 1.112410535307739e-03 7.060596807201272e+00
10.6 1.112959295937776e-03 6.949598326430708e+00
10.7 1.114755099100126e-03 6.808262820556656e+00
10.8 1.136157651729175e-03 7.264972322243016e+00
10.9 1.137038399123013e-03 7.143184084375842e+00
11 1.137519808870133e-03 7.037862539384871e+00
11.1 1.138127742336849e-03 6.925994266130159e+00
11.2 1.141753842658534e-03 6.803657878948197e+00
11.3 1.161376118731281e-03 7.244235534756326e+00
11.4 1.162111812219904e-03 7.129522784798887e+00
11.5 1.162578664481817e-03 7.026845535310668e+00
11.6 1.163222000842345e-03 6.915413909201890e+00
11.7 1.169747709736613e-03 6.880407945442771e+00
11.8 1.186432594122360e-03 7.238603708900068e+00
11.9 1.187127848687907e-03 7.127430976180911e+00
12 1.187586384114474e-03 7.026986109590851e+00
12.1 1.188218011885918e-03 6.918033354698267e+00
12.2 1.193073102496598e-03 6.833244880076164e+00
12.3 1.211368359253351e-03 7.246307258172976e+00
12.4 1.212091320601771e-03 7.136073948510337e+00
12.5 1.212544925905158e-03 7.037610613929674e+00
12.6 1.213123295463675e-03 6.932881913885105e+00
12.7 1.215548425127543e-03 6.804660901903030e+00
12.8 1.236157211663606e-03 7.267173810850218e+00
12.9 1.236999571693079e-03 7.155049734972855e+00
13 1.237459128056287e-03 7.057928586634130e+00
13.1 1.237969355808882e-03 6.958163398999923e+00
13.2 1.239301403098206e-03 6.835139818495874e+00
13.3 1.260647563260044e-03 7.302305769494330e+00
13.4 1.261837821145982e-03 7.184532188578395e+00
13.5 1.262332214297645e-03 7.087283859763630e+00
13.6 1.262786324001736e-03 6.991997593034283e+00
13.7 1.263608030931876e-03 6.881930961281727e+00
13.8 1.283658045362760e-03 7.339081738490490e+00
13.9 1.286558395430836e-03 7.225802916293671e+00
14 1.287158627173255e-03 7.125544858520394e+00
14.1 1.287588500712511e-03 7.033082761163584e+00
14.2 1.288156310624072e-03 6.933973133101504e+00
14.3 1.290288311950182e-03 6.812840460931039e+00
14.4 1.310980893637815e-03 7.282320223253412e+00
14.5 1.311910936658702e-03 7.173653745782316e+00
14.6 1.312372178219256e-03 7.081085870725212e+00
14.7 1.312819897773375e-03 6.989149022204571e+00
14.8 1.313640388814105e-03 6.882840173861889e+00
14.9 1.333205795701405e-03 7.336166927307971e+00
15 1.336493465767764e-03 7.234745239408292e+00
15.1 1.337111540391776e-03 7.137011834936352e+00
15.2 1.337531790396513e-03 7.047930116250403e+00
15.3 1.338036433000777e-03 6.954709397798280e+00
15.4 1.339340277311663e-03 6.841002255987004e+00
15.5 1.360378415377325e-03 7.315545534151913e+00
15.6 1.361728782002459e-03 7.204101456133651e+00
15.7 1.362237138624112e-03 7.112253395942897e+00
15.8 1.362649509443811e-03 7.024933871947596e+00
15.9 1.363224381419147e-03 6.930203505592397e+00
16 1.365399953683072e-03 6.817069335091984e+00
16.1 1.385874328560235e-03 7.290413745238035e+00
16.2 1.386848154330141e-03 7.186191794581639e+00
16.3 1.387310418099800e-03 7.097784786945853e+00
16.4 1.387723783116224e-03 7.011726014207678e+00
16.5 1.388352837957310e-03 6.916447770635470e+00
16.6 1.391716295556770e-03 6.821912956670220e+00
16.7 1.411039940650781e-03 7.279027897417540e+00
16.8 1.411895161364801e-03 7.179007107686120e+00
16.9 1.412338834362306e-03 7.092774304719692e+00
17 1.412750302685719e-03 7.008085704554755e+00
17.1 1.413390598493317e-03 6.913890344804509e+00
17.2 1.417006954602185e-03 6.827415167409205e+00
17.3 1.436030728272324e-03 7.279935060166724e+00
17.4 1.436883349398859e-03 7.181552978912476e+00
17.5 1.437325164119475e-03 7.096669615270857e+00
17.6 1.437728238128598e-03 7.013634740126488e+00
17.7 1.438330540620994e-03 6.922181355941216e+00
17.8 1.440882705479436e-03 6.819881772830907e+00
17.9 1.460851367053535e-03 7.292420730495884e+00
18 1.461812870444017e-03 7.193396534498235e+00
18.1 1.462270534724662e-03 7.109032308319764e+00
18.2 1.462662025967877e-03 7.027766173172364e+00
18.3 1.463195676798635e-03 6.940201453051973e+00
18.4 1.464763633793483e-03 6.834816163865764e+00
18.5 1.485376811282531e-03 7.316216487368994e+00
18.6 1.486670487758265e-03 7.214610673212178e+00
18.7 1.487173612841994e-03 7.129572797503410e+00
18.8 1.487558600253407e-03 7.049777614331775e+00
18.9 1.488019606197426e-03 6.966441360898704e+00
19 1.489002671989750e-03 6.868260137255422e+00
19.1 1.508796810457180e-03 7.340235429127596e+00
19.2 1.511414582038900e-03 7.245984768367983e+00
19.3 1.512026541073837e-03 7.158323270683576e+00
19.4 1.512422482327869e-03 7.079107783303874e+00
19.5 1.512826640183614e-03 6.999500056844731e+00
19.6 1.513484299351104e-03 6.910286105111644e+00
19.7 1.517153226367342e-03 6.835638941510078e+00
19.8 1.535905112912202e-03 7.289352294455796e+00
19.9 1.536804755212235e-03 7.195963799738988e+00
20 1.537250527196505e-03 7.115611273523701e+00
20.1 1.537625787968362e-03 7.038479434375772e+00
20.2 1.538105069340626e-03 6.956714639349620e+00
20.3 1.539211144055137e-03 6.859893852834847e+00
20.4 1.559249242649941e-03 7.339316327566680e+00
20.5 1.561433265099397e-03 7.244422421954094e+00
20.6 1.562024072334044e-03 7.159893290227618e+00
20.7 1.562411759739888e-03 7.083208752307943e+00
20.8 1.562801628642728e-03 7.006425973223634e+00
20.9 1.563403210663967e-03 6.921459350061926e+00
21 1.565716908812422e-03 6.827655954027152e+00
21.1 1.585589399235090e-03 7.307266454374355e+00
21.2 1.586685312537915e-03 7.213913108648844e+00
21.3 1.587162724060240e-03 7.134473642965242e+00
21.4 1.587530283495868e-03 7.059764145288680e+00
21.5 1.587948966164064e-03 6.982717511387936e+00
21.6 1.588706126909926e-03 6.894763924468785e+00
21.7 1.597218421132949e-03 6.988770066124533e+00
21.8 1.611013549647928e-03 7.282146272874483e+00
21.9 1.611821367104910e-03 7.194551935394998e+00
22 1.612248694962393e-03 7.118162753214251e+00
22.1 1.612610368828669e-03 7.044717353248808e+00
22.2 1.613056549816282e-03 6.967549189588986e+00
22.3 1.613962321612861e-03 6.877962411227636e+00
22.4 1.631711024756277e-03 7.311463339612286e+00
22.5 1.636186696223160e-03 7.268626473583200e+00
22.6 1.636887050402894e-03 7.184608733827747e+00
22.7 1.637291987155423e-03 7.110159440481310e+00
22.8 1.637651084099285e-03 7.037788537697565e+00
22.9 1.638110533715087e-03 6.961117764982557e+00
23 1.639091103659278e-03 6.871746981380308e+00
23.1 1.657735067545695e-03 7.330798390084592e+00
23.2 1.661225359374029e-03 7.265370028573376e+00
23.3 1.661898268411374e-03 7.183168517836705e+00
23.4 1.662296389142206e-03 7.109967566726616e+00
23.5 1.662651498704059e-03 7.038708401575871e+00
23.6 1.663103350237944e-03 6.963330538751955e+00
23.7 1.664041358428007e-03 6.875881405090374e+00
23.8 1.681819489889525e-03 7.313874546774501e+00
23.9 1.686152723242386e-03 7.271623877193075e+00
24 1.686858890849687e-03 7.189761969357901e+00
24.1 1.687263325747725e-03 7.117226875248193e+00
24.2 1.687612985855599e-03 7.047118611314074e+00
24.3 1.688038925484924e-03 6.973719265823625e+00
24.4 1.688844817096344e-03 6.889690596813486e+00
24.5 1.699148462248424e-03 7.062461738787399e+00
24.6 1.710942781806830e-03 7.287250851103986e+00
24.7 1.711764031622641e-03 7.204253652781364e+00
24.8 1.712192422988339e-03 7.131677959314658e+00
24.9 1.712538923500365e-03 7.062584349133521e+00
25 1.712930143465262e-03 6.991524341306416e+00
25.1 1.713579383137230e-03 6.912020255562382e+00
25.2 1.716358384656737e-03 6.836915569310114e+00
25.3 1.735477472543408e-03 7.312240543738575e+00
25.4 1.736595738643841e-03 7.226894461807341e+00
25.5 1.737079743781358e-03 7.153232215560674e+00
25.6 1.737432366333023e-03 7.084703784625796e+00
25.7 1.737791324613446e-03 7.015907246798482e+00
25.8 1.738304910154254e-03 6.941262928490596e+00
25.9 1.739607103225314e-03 6.854806930344808e+00
26 1.759151395565834e-03 7.339332276129761e+00
26.1 1.761304153909169e-03 7.258505031088973e+00
26.2 1.761913017922043e-03 7.182128988993171e+00
26.3 1.762292678223440e-03 7.113266154834408e+00
26.4 1.762631870123672e-03 7.046184415088027e+00
26.5 1.763046711528515e-03 6.975930492592431e+00
26.6 1.763805504725512e-03 6.896190459609768e+00
26.7 1.769359899756144e-03 6.899764865058271e+00
26.8 1.785723285884066e-03 7.300406051215242e+00
26.9 1.786659068659336e-03 7.219209543594319e+00
27 1.787110821959569e-03 7.148452645430787e+00
27.1 1.787453012795560e-03 7.082029439704160e+00
27.2 1.787807156574762e-03 7.015096106762639e+00
27.3 1.788313700283338e-03 6.942537589295434e+00
27.4 1.789555246610975e-03 6.858963463568872e+00
27.5 1.808725746799161e-03 7.339373110825304e+00
27.6 1.811218039994430e-03 7.266337042041768e+00
27.7 1.811859201336012e-03 7.191132209633746e+00
27.8 1.812245133315909e-03 7.123659654241256e+00
27.9 1.812576410325494e-03 7.058515613543380e+00
28 1.812958626153813e-03 6.991217029538308e+00
28.1 1.813583737737899e-03 6.916349452736231e+00
28.2 1.815838411162154e-03 6.840205569531236e+00
28.3 1.835116269157220e-03 7.324503884906182e+00
28.4 1.836456542802283e-03 7.243386473125891e+00
28.5 1.836979768490297e-03 7.172110174758759e+00
28.6 1.837335145669621e-03 7.106672739622894e+00
28.7 1.837665944886568e-03 7.042315198567912e+00
28.8 1.838077463889641e-03 6.974695108541223e+00
28.9 1.838824870383249e-03 6.898294325412164e+00
29 1.843338653059139e-03 6.875427019435187e+00
29.1 1.860556307247112e-03 7.308463840336042e+00
29.2 1.861577108899187e-03 7.229809535535204e+00
29.3 1.862046949817776e-03 7.160987014820358e+00
29.4 1.862387765241260e-03 7.096922239684069e+00
29.5 1.862719914147918e-03 7.033251002969767e+00
29.6 1.863150908810795e-03 6.965737373926132e+00
29.7 1.863982945651840e-03 6.889028280907526e+00
29.8 1.871960787868293e-03 6.988039481414459e+00
29.9 1.885705609111054e-03 7.301099986803741e+00
30 1.886621885800978e-03 7.224463371749618e+00
30.1 1.887071102700778e-03 7.157108853659329e+00
30.2 1.887405470983253e-03 7.094050643552498e+00
30.3 1.887736187568857e-03 7.031168746877047e+00
30.4 1.888169064352337e-03 6.964383027894296e+00
30.5 1.889008668398993e-03 6.888591771241115e+00
30.6 1.896977680047879e-03 6.989311582819054e+00
30.7 1.910677971313115e-03 7.302445888821178e+00
30.8 1.911604177388775e-03 7.226736915567728e+00
30.9 1.912055954150747e-03 7.160084065850241e+00
31 1.912389434160628e-03 7.097774092204818e+00
31.1 1.912714753324814e-03 7.035831817031825e+00
31.2 1.913130806013466e-03 6.970393123755194e+00
31.3 1.913897961270003e-03 6.896606318858957e+00
31.4 1.918510276251334e-03 6.882538334029071e+00
31.5 1.935466493766174e-03 7.312044998984057e+00
31.6 1.936522357092383e-03 7.236395292975346e+00
31.7 1.937001205492270e-03 7.169693421526190e+00
31.8 1.937340420840868e-03 7.107839838830471e+00
31.9 1.937658256350794e-03 7.046905542648846e+00
32 1.938044497120448e-03 6.983265601402305e+00
32.1 1.938694738484371e-03 6.912427671437175e+00
32.2 1.941067593217193e-03 6.845845909761757e+00
32.3 1.959933588783823e-03 7.328474632536460e+00
32.4 1.961358696026871e-03 7.253542554062159e+00
32.5 1.961901986467509e-03 7.185894334975347e+00
32.6 1.962258164090049e-03 7.124052117416790e+00
32.7 1.962570644003298e-03 7.064012674061686e+00
32.8 1.962923195325789e-03 7.002345546937947e+00
32.9 1.963453017083588e-03 6.935053788858447e+00
33 1.964785057459085e-03 6.859967082667067e+00
33.1 1.983310918585446e-03 7.336131650756051e+00
33.2 1.986061568098360e-03 7.278624433812832e+00
33.3 1.986744990770754e-03 7.208900161805745e+00
33.4 1.987139385687879e-03 7.146350525632642e+00
33.5 1.987454744845041e-03 7.086834002007070e+00
33.6 1.987778550865541e-03 7.026984727733828e+00
33.7 1.988208273971422e-03 6.963303495421237e+00
33.8 1.989029946349514e-03 6.891594267666340e+00
33.9 1.994825279527016e-03 6.921542750367961e+00
34 2.010463391539042e-03 7.311812483953188e+00
34.1 2.011496954360672e-03 7.239332679264129e+00
34.2 2.011973828863614e-03 7.174938509608332e+00
34.3 2.012309446244667e-03 7.115233468093020e+00
34.4 2.012616855874351e-03 7.056703069233301e+00
34.5 2.012974614331495e-03 6.996184477848174e+00
34.6 2.013527032119484e-03 6.929902962627905e+00
34.7 2.014982906304975e-03 6.857490925889197e+00
34.8 2.033557425798960e-03 7.337452133450530e+00
34.9 2.036063528750030e-03 7.278346953260568e+00
35 2.036734892799101e-03 7.210483071028816e+00
35.1 2.037125871126669e-03 7.149409537001294e+00
35.2 2.037437145734482e-03 7.091328304716278e+00
35.3 2.037751881740182e-03 7.033124754607122e+00
35.4 2.038156955497524e-03 6.971627220840750e+00
35.5 2.038879472785980e-03 6.902978981457919e+00
35.6 2.042032119843704e-03 6.857998392005312e+00
35.7 2.060045331424401e-03 7.325204711110438e+00
35.8 2.061349206571999e-03 7.254403330947361e+00
35.9 2.061879034090465e-03 7.190112755475580e+00
36 2.062228883880779e-03 7.131136080145658e+00
36.1 2.062530927058486e-03 7.074055141548552e+00
36.2 2.062858507903849e-03 7.015960040756509e+00
36.3 2.063313726560004e-03 6.953624245830539e+00
36.4 2.064238036526209e-03 6.883707055051652e+00
36.5 2.073704029104583e-03 7.054111532921194e+00
36.6 2.085537363526560e-03 7.308289663258728e+00
36.7 2.086500352975545e-03 7.239005186812322e+00
36.8 2.086964480629904e-03 7.177064510943036e+00
36.9 2.087293766351054e-03 7.119478887051195e+00
37 2.087592645829757e-03 7.063127470173226e+00
37.1 2.087931407723300e-03 7.005220481773677e+00
37.2 2.088426148730601e-03 6.942526023897530e+00
37.3 2.089530384593167e-03 6.872769035343685e+00
37.4 2.105250620739951e-03 7.273303973917843e+00
37.5 2.110734883024303e-03 7.298618039295968e+00
37.6 2.111570694323063e-03 7.231130077984284e+00
37.7 2.112005403154527e-03 7.170668870732270e+00
37.8 2.112324930147791e-03 7.114055881593393e+00
37.9 2.112621947727724e-03 7.058363278198727e+00
38 2.112965073565429e-03 7.000901522308578e+00
38.1 2.113475803805965e-03 6.938512096476991e+00
38.2 2.114655316317689e-03 6.869672829137689e+00
38.3 2.131188121781096e-03 7.298138197108714e+00
38.4 2.135770293523031e-03 7.296579361855789e+00
38.5 2.136579199836812e-03 7.230162816969117e+00
38.6 2.137007537490629e-03 7.170524425389431e+00
38.7 2.137324222715824e-03 7.114600751791649e+00
38.8 2.137618639426641e-03 7.059581645536912e+00
38.9 2.137957067878413e-03 7.002883103896236e+00
39 2.138454487246070e-03 6.941489633364987e+00
39.1 2.139561442392905e-03 6.873626988693022e+00
39.2 2.154717821534832e-03 7.257713817107462e+00
39.3 2.160666350409610e-03 7.301864327470803e+00
39.4 2.161529569856229e-03 7.235797711041504e+00
39.5 2.161972130151725e-03 7.176395780940933e+00
39.6 2.162292405720246e-03 7.120902319750761e+00
39.7 2.162583691685570e-03 7.066562694793706e+00
39.8 2.162909514435418e-03 7.010900361803830e+00
39.9 2.163369190258564e-03 6.951097692392191e+00
40 2.164300990697597e-03 6.884654837511956e+00
40.1 2.172426293606366e-03 7.011340393890589e+00
40.2 2.185379999454490e-03 7.314018897621180e+00
40.3 2.186413446260221e-03 7.247983593361575e+00
40.4 2.186896563350388e-03 7.188187717896000e+00
40.5 2.187229235512018e-03 7.132799090884423e+00
40.6 2.187518988186424e-03 7.079058836794717e+00
40.7 2.187828126859612e-03 7.024576815227663e+00
40.8 2.188237558934248e-03 6.966766402984102e+00
40.9 2.188971930484043e-03 6.902735736874845e+00
41 2.191943624864120e-03 6.862270435844589e+00
41.1 2.209724784612458e-03 7.330818094280517e+00
41.2 2.211203802374155e-03 7.266913163962067e+00
41.3 2.211772519260236e-03 7.205975151608005e+00
41.4 2.212132416608503e-03 7.150215927490344e+00
41.5 2.212426093103632e-03 7.096844559329229e+00
41.6 2.212719575166849e-03 7.043501134049059e+00
41.7 2.213078582762101e-03 6.987820979572867e+00
41.8 2.213643886940506e-03 6.926998129565901e+00
41.9 2.215093773004312e-03 6.863121702336837e+00
42 2.232633135920627e-03 7.326641335259661e+00
42.1 2.235826479386333e-03 7.292889809912664e+00
42.2 2.236580081239056e-03 7.230080346611726e+00
42.3 2.236995175064793e-03 7.173237638992014e+00
42.4 2.237304360480229e-03 7.119792988590701e+00
42.5 2.237588670869175e-03 7.067324891446590e+00
42.6 2.237905870955605e-03 7.013624295829411e+00
42.7 2.238345045574480e-03 6.956197567067672e+00
42.8 2.239186585712983e-03 6.892721055265884e+00
42.9 2.243809976856206e-03 6.900926699000079e+00
43 2.260021153495731e-03 7.324415232073517e+00
43.1 2.261269898898837e-03 7.261163167490523e+00
43.2 2.261800913265050e-03 7.202224203082178e+00
43.3 2.262148226795726e-03 7.147975516470271e+00
43.4 2.262436097450765e-03 7.095865058903307e+00
43.5 2.262725502152689e-03 7.043714992276295e+00
43.6 2.263078638898220e-03 6.989328389807950e+00
43.7 2.263626819002618e-03 6.930121935099057e+00
43.8 2.264960581236289e-03 6.867442439870271e+00
43.9 2.281611125672970e-03 7.307313930210094e+00
44 2.285691512822716e-03 7.299862601469575e+00
44.1 2.286508714500710e-03 7.237973384908997e+00
44.2 2.286942121142865e-03 7.181797020131884e+00
44.3 2.287256075402656e-03 7.129212366445972e+00
44.4 2.287536151175476e-03 7.077912551684651e+00
44.5 2.287836843036270e-03 7.025845787373480e+00
44.6 2.288230510683059e-03 6.970786397392685e+00
44.7 2.288907180989203e-03 6.910289884195566e+00
44.8 2.291113268709469e-03 6.859179147232692e+00
44.9 2.309029280069558e-03 7.336157229065056e+00
45 2.310998924548867e-03 7.281738902034091e+00
45.1 2.311646890930108e-03 7.222195915495855e+00
45.2 2.312031691308390e-03 7.167872167963878e+00
45.3 2.312328603940472e-03 7.116408415032238e+00
45.4 2.312606644225106e-03 7.065679922358581e+00
45.5 2.312918752146782e-03 7.013706378906272e+00
45.6 2.313348152389610e-03 6.958253704094838e+00
45.7 2.314147262112055e-03 6.897294526310920e+00
45.8 2.317720578359649e-03 6.878781303219397e+00
45.9 2.334700207632594e-03 7.330234376124290e+00
46 2.336148530872150e-03 7.270815916909315e+00
46.1 2.336720908344633e-03 7.212991574704673e+00
46.2 2.337081544294272e-03 7.159898792178268e+00
46.3 2.337369831903454e-03 7.109242204768399e+00
46.4 2.337647207983382e-03 7.059019215411417e+00
46.5 2.337966164737513e-03 7.007307527320703e+00
46.6 2.338416606943842e-03 6.951907812611663e+00
46.7 2.339291600112163e-03 6.891242634080404e+00
46.8 2.344122149342180e-03 6.911894376631602e+00
46.9 2.359907774974874e-03 7.326220312768532e+00
47 2.361200200870225e-03 7.266621718373070e+00
47.1 2.361745436999314e-03 7.209842351263989e+00
47.2 2.362096917845864e-03 7.157533464993989e+00
47.3 2.362381414280888e-03 7.107491806842098e+00
47.4 2.362657216396607e-03 7.057797730525378e+00
47.5 2.362975672131457e-03 7.006592681394472e+00
47.6 2.363425865013082e-03 6.951751227288629e+00
47.7 2.364297305650389e-03 6.891823261352484e+00
47.8 2.368934206185644e-03 6.907665201252992e+00
47.9 2.384842865426840e-03 7.327330217900505e+00
48 2.386171607281772e-03 7.268788838040302e+00
48.1 2.386725384377037e-03 7.212451415341848e+00
48.2 2.387079713183636e-03 7.160553710490022e+00
48.3 2.387364162625577e-03 7.110976092440698e+00
48.4 2.387636981207507e-03 7.061852844962129e+00
48.5 2.387947347591974e-03 7.011397634796315e+00
48.6 2.388376101749731e-03 6.957589422002970e+00
48.7 2.389167325110917e-03 6.898764964375403e+00
48.8 2.392440590907865e-03 6.876074764015441e+00
48.9 2.409472221856078e-03 7.332591937275771e+00
49 2.411057854764233e-03 7.277144514442120e+00
49.1 2.411659133961297e-03 7.220691034765858e+00
49.2 2.412029475856781e-03 7.168825969590095e+00
49.3 2.412318448530017e-03 7.119537997242651e+00
49.4 2.412587949687856e-03 7.070986210986952e+00
49.5 2.412884825389175e-03 7.021456110117856e+00
49.6 2.413277466599772e-03 6.969055890400229e+00
49.7 2.413946881327434e-03 6.911877685388796e+00
49.8 2.415977994920850e-03 6.863107019174993e+00
49.9 2.433454859167435e-03 7.333914099935037e+00
50 2.435827443813439e-03 7.291629974186497e+00
50.1 2.436537581889610e-03 7.234596478285310e+00
50.2 2.436942919527569e-03 7.182312843104108e+00
50.3 2.437243762791873e-03 7.133059943510283e+00
50.4 2.437512015599927e-03 7.084989580755085e+00
50.5 2.437793724699080e-03 7.036441690323513e+00
50.6 2.438144798884662e-03 6.985665577523935e+00
50.7 2.438688789005120e-03 6.930698774486603e+00
50.8 2.439947318938392e-03 6.873607169703658e+00
50.9 2.454263306411924e-03 7.243831583481589e+00
51 2.460386098544418e-03 7.311816327468609e+00
51.1 2.461338044294750e-03 7.254384773083640e+00
51.2 2.461811817022694e-03 7.201112811693740e+00
51.3 2.462137473274788e-03 7.151505383351632e+00
51.4 2.462410220682749e-03 7.103693601900228e+00
51.5 2.462679372349856e-03 7.056032955507505e+00
51.6 2.462991612911780e-03 7.006899364425367e+00
51.7 2.463428724937672e-03 6.954452890928046e+00
51.8 2.464243258230867e-03 6.897493033703613e+00
51.9 2.467643398820604e-03 6.881809806135884e+00
52 2.484382239298906e-03 7.332813651076542e+00
52.1 2.486004275366467e-03 7.280403185900942e+00
52.2 2.486617620177039e-03 7.225528500578945e+00
52.3 2.486992422903870e-03 7.174984846604566e+00
52.4 2.487281018744196e-03 7.127033177075383e+00
52.5 2.487544727962287e-03 7.079988965528840e+00
52.6 2.487826588228286e-03 7.032306514860196e+00
52.7 2.488182526378768e-03 6.982330936731515e+00
52.8 2.488740340428134e-03 6.928262600858615e+00
52.9 2.490051691069491e-03 6.873126335714206e+00
53 2.504585681282317e-03 7.253399633613042e+00
53.1 2.510364516296144e-03 7.312206032443891e+00
53.2 2.511316320996969e-03 7.256132373353766e+00
53.3 2.511791814352254e-03 7.203850607074013e+00
53.4 2.512117732823461e-03 7.155129889132019e+00
53.5 2.512388636670982e-03 7.108228252003904e+00
53.6 2.512652546475939e-03 7.061598820486200e+00
53.7 2.512952656135876e-03 7.013733742904716e+00
53.8 2.513359411753697e-03 6.962947401101558e+00
53.9 2.514069295495351e-03 6.907837385881725e+00
54 2.516326362954896e-03 6.867172729770525e+00
54.1 2.533488112348239e-03 7.333279363584068e+00
54.2 2.535782104393489e-03 7.293472375016989e+00
54.3 2.536495527562293e-03 7.238814850744944e+00
54.4 2.536903479767752e-03 7.188402745294280e+00
54.5 2.537203572896132e-03 7.140917018487841e+00
54.6 2.537466229283643e-03 7.094728267258762e+00
54.7 2.537733898175996e-03 7.048376404870245e+00
54.8 2.538052295337534e-03 7.000371080483436e+00
54.9 2.538507933413775e-03 6.949037152254796e+00
55 2.539380865108193e-03 6.893837099186985e+00
55.1 2.543380743270052e-03 6.898950400059043e+00
55.2 2.559439413938836e-03 7.331632220196463e+00
55.3 2.560990310363781e-03 7.280871687660809e+00
55.4 2.561597330909054e-03 7.227719513617651e+00
55.5 2.561970555613900e-03 7.178588663471058e+00
55.6 2.562256943160135e-03 7.131967610501305e+00
55.7 2.562515721547856e-03 7.086323274536181e+00
55.8 2.562786883366165e-03 7.040254711145971e+00
55.9 2.563118499705380e-03 6.992293268258793e+00
56 2.563609516030366e-03 6.940816605594181e+00
56.1 2.564611560193646e-03 6.886308912394777e+00
56.2 2.570894483909856e-03 6.968906767138613e+00
56.3 2.584776603768952e-03 7.326853810974550e+00
56.4 2.586082358731199e-03 7.274414349241360e+00
56.5 2.586643800429414e-03 7.222323382310333e+00
56.6 2.587001146561970e-03 7.174034215918507e+00
56.7 2.587280985473169e-03 7.128035984617033e+00
56.8 2.587537557225638e-03 7.082865013017223e+00
56.9 2.587809521222828e-03 7.037167971448133e+00
57 2.588145455810358e-03 6.989512371945549e+00
57.1 2.588648131669785e-03 6.938340689828893e+00
57.2 2.589692148848754e-03 6.884617658046460e+00
57.3 2.596786222110558e-03 6.997838999029980e+00
57.4 2.609821491005468e-03 7.325824712974432e+00
57.5 2.611088836697605e-03 7.273802733667861e+00
57.6 2.611643616169404e-03 7.222302480229764e+00
57.7 2.611998663169778e-03 7.174500679738856e+00
57.8 2.612277087081170e-03 7.128944422553626e+00
57.9 2.612532014464707e-03 7.084216831902280e+00
58 2.612801146950367e-03 7.039007511810633e+00
58.1 2.613131112164725e-03 6.991935574425375e+00
58.2 2.613618144657244e-03 6.941497146579241e+00
58.3 2.614597344632738e-03 6.888250055306953e+00
58.4 2.620091783938715e-03 6.945663267903636e+00
58.5 2.634613891161111e-03 7.328933764082231e+00
58.6 2.636014020202068e-03 7.278827723935428e+00
58.7 2.636597935432096e-03 7.227486696644568e+00
58.8 2.636963627886398e-03 7.179842614790091e+00
58.9 2.637245685510636e-03 7.134554918210128e+00
59 2.637499722029396e-03 7.090234593187725e+00
59.1 2.637762947611636e-03 7.045608909962839e+00
59.2 2.638078140235948e-03 6.999360087881511e+00
59.3 2.638527306010778e-03 6.950035606496288e+00
59.4 2.639367534308677e-03 6.897339486553509e+00
59.5 2.642695434412107e-03 6.887540225068104e+00
59.6 2.659021331039037e-03 7.333180813653888e+00
59.7 2.660840357471098e-03 7.289365952470259e+00
59.8 2.661501135014888e-03 7.237839950924837e+00
59.9 2.661893839748400e-03 7.189998921301034e+00
60 2.662186248748044e-03 7.144768215285265e+00
