0.1 5.694367184359059e-05 5.516489874310943e+00
0.2 8.395867015636872e-05 6.563838090631200e+00
0.3 1.062674722065789e-04 6.626653896956865e+00
0.4 1.126264216031705e-04 6.285134643792908e+00
0.5 1.325456492322068e-04 6.667707618956946e+00
0.6 1.374089781972401e-04 6.357497665339873e+00
0.7 1.568389643822538e-04 6.696459516115318e+00
0.8 1.602678495251207e-04 6.618299785962417e+00
0.9 1.786648584084357e-04 6.668325636247596e+00
1 1.832197730053936e-04 6.707405052189413e+00
1.1 1.861581760069206e-04 6.567248834021431e+00
1.2 2.044109703403308e-04 6.701283851737704e+00
1.3 2.081776926651342e-04 6.723191844047018e+00
1.4 2.105236569940916e-04 6.631050345511071e+00
1.5 2.263932843070786e-04 6.629315228621796e+00
1.6 2.321764409750539e-04 6.744062877658815e+00
1.7 2.343409290682125e-04 6.703958630423053e+00
1.8 2.367999252760449e-04 6.517172144303672e+00
1.9 2.541390396764451e-04 6.715696698313073e+00
2 2.576893583571394e-04 6.750224798777261e+00
2.1 2.595308681106641e-04 6.704738590118335e+00
2.2 2.616896223225434e-04 6.537448447429588e+00
2.3 2.782646351105676e-04 6.701509596039512e+00
2.4 2.822535253967141e-04 6.760105604409944e+00
2.5 2.840644379543938e-04 6.729691517858174e+00
2.6 2.856804263625869e-04 6.641651323785929e+00
2.7 2.961854000412515e-04 6.474358700720678e+00
2.8 3.056294562729706e-04 6.755674189993400e+00
2.9 3.080254316894743e-04 6.759526033835469e+00
3 3.095167419151756e-04 6.717793916502071e+00
3.1 3.110720170665003e-04 6.611663754992555e+00
3.2 3.230439856274098e-04 6.550070070530137e+00
3.3 3.307471457121505e-04 6.761594420393517e+00
3.4 3.329811163034108e-04 6.764881544718538e+00
3.5 3.343788909605120e-04 6.728341321591444e+00
3.6 3.357208321797304e-04 6.646238172709428e+00
3.7 3.426642117023812e-04 6.397847553281595e+00
3.8 3.543150378632256e-04 6.740055878976161e+00
3.9 3.572483975275285e-04 6.773950763639492e+00
4 3.587671282626223e-04 6.753160770502639e+00
4.1 3.599628828596763e-04 6.702940055585918e+00
4.2 3.613915512692202e-04 6.585217682116079e+00
4.3 3.726923966716445e-04 6.554896437013848e+00
4.4 3.802538874840559e-04 6.760632194479054e+00
4.5 3.825686126349317e-04 6.775682726759356e+00
4.6 3.839175512968608e-04 6.752035848385983e+00
4.7 3.850228955757054e-04 6.702192320048836e+00
4.8 3.863389246314563e-04 6.592624182222137e+00
4.9 3.960633036375554e-04 6.512345022537164e+00
5 4.046021867016316e-04 6.751358260157679e+00
5.1 4.071896443093358e-04 6.779474028585232e+00
5.2 4.085957160566050e-04 6.763468294901982e+00
5.3 4.096624630408694e-04 6.724731026899082e+00
5.4 4.107358658309895e-04 6.651670712931777e+00
5.5 4.135237609167718e-04 6.423365264762293e+00
5.6 4.264018400041906e-04 6.678214587982266e+00
5.7 4.309037958658773e-04 6.773840237474405e+00
5.8 4.327618922137525e-04 6.778841789480869e+00
5.9 4.339427774697002e-04 6.756153764524857e+00
6 4.349164101976393e-04 6.712872191114605e+00
6.1 4.359727543795258e-04 6.631529736018768e+00
6.2 4.403221247255526e-04 6.410051348472370e+00
6.3 4.517358955157494e-04 6.690821475158204e+00
6.4 4.558912867188065e-04 6.775333718631983e+00
6.5 4.576963926045135e-04 6.781113722608998e+00
6.6 4.588470570904051e-04 6.760913554343452e+00
6.7 4.597776016102532e-04 6.722424502743131e+00
6.8 4.607269143660278e-04 6.654922571214545e+00
6.9 4.626075014470038e-04 6.481923844312974e+00
7 4.736050286176149e-04 6.611918426869542e+00
7.1 4.797418996199244e-04 6.759693299174470e+00
7.2 4.820372795745926e-04 6.784478966303333e+00
7.3 4.833444975230699e-04 6.774341240190904e+00
7.4 4.843047754154506e-04 6.746485344681075e+00
7.5 4.851635009052696e-04 6.699948146631271e+00
7.6 4.861644514166597e-04 6.614643212760441e+00
7.7 4.907006179196297e-04 6.430458407590971e+00
7.8 5.008218035311952e-04 6.677326093783260e+00
7.9 5.053222625313104e-04 6.770572946465047e+00
8 5.072753178352045e-04 6.785605161606987e+00
8.1 5.084649818247714e-04 6.773256302391049e+00
8.2 5.093658919423333e-04 6.745175849259364e+00
8.3 5.101812664481468e-04 6.699671182467857e+00
8.4 5.111258269450463e-04 6.619003371625517e+00
8.5 5.147296913050404e-04 6.433457119972759e+00
8.6 5.245077916831277e-04 6.650342278097077e+00
8.7 5.297124211600262e-04 6.762319390531538e+00
8.8 5.318982963248860e-04 6.786362929116615e+00
8.9 5.331715265765588e-04 6.779551451703132e+00
9 5.340938634550002e-04 6.756865442282870e+00
9.1 5.348827501434979e-04 6.719782994961941e+00
9.2 5.356943222038524e-04 6.659756913015287e+00
9.3 5.370134755526549e-04 6.535060001565558e+00
9.4 5.446338940798719e-04 6.526987474354168e+00
9.5 5.523326892153438e-04 6.718774727244946e+00
9.6 5.557004813886299e-04 6.777959246639106e+00
9.7 5.573875133200271e-04 6.787197052652539e+00
9.8 5.584731906317813e-04 6.775043591142230e+00
9.9 5.593076468915243e-04 6.749519355249333e+00
10 5.600524935575014e-04 6.709794985225671e+00
10.1 5.608566821766468e-04 6.645395762108993e+00
10.2 5.624089354913090e-04 6.507347528208233e+00
10.3 5.702229300434475e-04 6.549869407436695e+00
10.4 5.773704715746516e-04 6.722954284260530e+00
10.5 5.806231838839098e-04 6.778071682305470e+00
10.6 5.822978637837311e-04 6.788146242523400e+00
10.7 5.833780438078198e-04 6.777675039690547e+00
10.8 5.842010190016085e-04 6.754494384732646e+00
10.9 5.849211732991424e-04 6.718696326396133e+00
11 5.856624766499317e-04 6.663120514912537e+00
11.1 5.867716650006372e-04 6.558445590766173e+00
11.2 5.924200720715273e-04 6.487306567913722e+00
11.3 6.002045861153562e-04 6.685100744169532e+00
11.4 6.045407004552274e-04 6.764164717248563e+00
11.5 6.066368727336631e-04 6.787718689099338e+00
11.6 6.078934245318746e-04 6.785273584966139e+00
11.7 6.087902251927922e-04 6.768696856681037e+00
11.8 6.095237047637765e-04 6.741033150878885e+00
11.9 6.102072141043575e-04 6.699869572165132e+00
12 6.109780888438041e-04 6.634247522477906e+00
12.1 6.126169202619719e-04 6.499892365590002e+00
12.2 6.195704488425401e-04 6.546244324278974e+00
12.3 6.264269045898995e-04 6.713288396144038e+00
12.4 6.299788365396701e-04 6.772065100495576e+00
12.5 6.318321859999633e-04 6.789121551981291e+00
12.6 6.329939782642907e-04 6.784686060770876e+00
12.7 6.338433963435157e-04 6.767673150939251e+00
12.8 6.345466934386283e-04 6.740312163806554e+00
12.9 6.352047761514689e-04 6.700240067692521e+00
13 6.359417435268224e-04 6.637710250773317e+00
13.1 6.373728536461919e-04 6.515860042732183e+00
13.2 6.435144211146228e-04 6.524902244208869e+00
13.3 6.503911691314711e-04 6.699840132338513e+00
13.4 6.543608380180384e-04 6.764930917698174e+00
13.5 6.564279665981169e-04 6.787949817007964e+00
13.6 6.576912262821553e-04 6.788028350460738e+00
13.7 6.585867816910288e-04 6.774822644656061e+00
13.8 6.593036755306027e-04 6.751743482918610e+00
13.9 6.599448950486958e-04 6.718105744406970e+00
14 6.606023827085882e-04 6.668502158778573e+00
14.1 6.614994578366359e-04 6.584797590382817e+00
14.2 6.648582654399792e-04 6.465205983186499e+00
14.3 6.716620702238792e-04 6.614554264745237e+00
14.4 6.772813641023066e-04 6.736200736499838e+00
14.5 6.802166835705002e-04 6.777724675224118e+00
14.6 6.818850516129688e-04 6.790385949790286e+00
14.7 6.829748780250832e-04 6.785738938590500e+00
14.8 6.837838534801519e-04 6.770102451787491e+00
14.9 6.844529173710809e-04 6.745367016188970e+00
15 6.850679047728704e-04 6.710076808084745e+00
15.1 6.857195362763531e-04 6.658056494677041e+00
15.2 6.866790300720742e-04 6.569258806835020e+00
15.3 6.903924229114553e-04 6.473212034216872e+00
15.4 6.968643182968339e-04 6.625858562876724e+00
15.5 7.022168820730016e-04 6.739272681565822e+00
15.6 7.050935453070490e-04 6.777668399011456e+00
15.7 7.067676089095148e-04 6.790661238482915e+00
15.8 7.078664632052560e-04 6.787258175200515e+00
15.9 7.086784338378967e-04 6.773185710085796e+00
16 7.093430651855947e-04 6.750502721005335e+00
16.1 7.099430174297032e-04 6.718372439814318e+00
16.2 7.105552158068572e-04 6.672335131797206e+00
16.3 7.113507499266622e-04 6.598918946614808e+00
16.4 7.136749901961900e-04 6.477521870110326e+00
16.5 7.195473222148661e-04 6.567796448267821e+00
16.6 7.254431532219462e-04 6.717375453563629e+00
16.7 7.290178843827876e-04 6.766723078416139e+00
16.8 7.310635845553291e-04 6.787824492538759e+00
16.9 7.323566327253613e-04 6.790977319611446e+00
17 7.332689890766527e-04 6.782098225979534e+00
17.1 7.339817820041222e-04 6.764479191826098e+00
17.2 7.345921868789825e-04 6.738722523168989e+00
17.3 7.351683357583222e-04 6.702894698992877e+00
17.4 7.357951094485697e-04 6.650839314975965e+00
17.5 7.367528469377740e-04 6.564222736512293e+00
17.6 7.401367966652615e-04 6.478277110345185e+00
17.7 7.459676895093373e-04 6.612120066640548e+00
17.8 7.512879871642286e-04 6.735306945232743e+00
17.9 7.543808085762946e-04 6.773220099589020e+00
18 7.562344661198481e-04 6.789720137911076e+00
18.1 7.574434918028216e-04 6.790987302512937e+00
18.2 7.583138043962424e-04 6.781517258804595e+00
18.3 7.590016190365765e-04 6.763930738833958e+00
18.4 7.595939969676927e-04 6.738637082667974e+00
18.5 7.601535351555204e-04 6.703827215402606e+00
18.6 7.607578164515999e-04 6.654001934040707e+00
18.7 7.616435849524920e-04 6.573577342063435e+00
18.8 7.645076846889944e-04 6.478373444769775e+00
18.9 7.699601908249987e-04 6.588572869021109e+00
19 7.753757046638929e-04 6.727239663149389e+00
19.1 7.787532338101060e-04 6.769010098075046e+00
19.2 7.807881812234062e-04 6.787825357259726e+00
19.3 7.821098608909893e-04 6.792374142762827e+00
19.4 7.830437949318122e-04 6.785949031503579e+00
19.5 7.837648484807058e-04 6.771340124772856e+00
19.6 7.843691386154646e-04 6.749531162311312e+00
19.7 7.849192095765854e-04 6.719673484909133e+00
19.8 7.854751895209984e-04 6.678441573201906e+00
19.9 7.861550654211882e-04 6.616991332158185e+00
20 7.875820769936421e-04 6.515070816306882e+00
20.1 7.918559033870770e-04 6.512305353539789e+00
20.2 7.972801809226663e-04 6.658311014266506e+00
20.3 8.018547667351571e-04 6.752245397014510e+00
20.4 8.045339104868725e-04 6.779098058323117e+00
20.5 8.062389486138646e-04 6.791389899846945e+00
20.6 8.073927078371758e-04 6.791915217298579e+00
20.7 8.082371393680850e-04 6.783187817396825e+00
20.8 8.089068983719201e-04 6.767158412894886e+00
20.9 8.094801820187148e-04 6.744282559414975e+00
21 8.100120114295337e-04 6.713378696309904e+00
21.1 8.105617099270912e-04 6.670799437988014e+00
21.2 8.112612411639665e-04 6.607162158168585e+00
21.3 8.128444888785280e-04 6.506498487102992e+00
21.4 8.170911027465483e-04 6.520894523502848e+00
21.5 8.223083762992494e-04 6.663845676031887e+00
21.6 8.267441105713563e-04 6.755653201606347e+00
21.7 8.293809951157264e-04 6.780121533728459e+00
21.8 8.310924491343877e-04 6.791654189326903e+00
21.9 8.322630280359212e-04 6.792822270609040e+00
22 8.331199558394728e-04 6.785214025681557e+00
22.1 8.337958023722131e-04 6.770561394551907e+00
22.2 8.343685854652512e-04 6.749449024121192e+00
22.3 8.348915442957208e-04 6.721081808713135e+00
22.4 8.354162560316485e-04 6.682729758823545e+00
22.5 8.360362304486433e-04 6.627623279586834e+00
22.6 8.371432803810140e-04 6.540079032247101e+00
22.7 8.404191105192829e-04 6.493672882138331e+00
22.8 8.452935771501594e-04 6.610572195727726e+00
22.9 8.501649681357904e-04 6.739806056823212e+00
23 8.533213290899832e-04 6.774757661254333e+00
23.1 8.553326967030813e-04 6.788850362952266e+00
23.2 8.567011512955135e-04 6.794088655041146e+00
23.3 8.576792594390457e-04 6.790607772647766e+00
23.4 8.584261847774485e-04 6.779816986646407e+00
23.5 8.590369337707120e-04 6.762762375790837e+00
23.6 8.595713564952060e-04 6.739431011314510e+00
23.7 8.600756894932000e-04 6.708478684416567e+00
23.8 8.606049870782741e-04 6.666381044304797e+00
23.9 8.612880226469028e-04 6.604655103517750e+00
24 8.627770134418975e-04 6.512034335746427e+00
24.1 8.665236315668968e-04 6.514911631072414e+00
24.2 8.713247587585549e-04 6.644522329988233e+00
24.3 8.758267488937884e-04 6.754214068783700e+00
24.4 8.786358584333128e-04 6.780477034212085e+00
24.5 8.804889431709756e-04 6.791275478905111e+00
24.6 8.817787600802000e-04 6.794750255999862e+00
24.7 8.827165061007652e-04 6.790521215698712e+00
24.8 8.834405887859367e-04 6.779573630055194e+00
24.9 8.840364215380886e-04 6.762719853372274e+00
25 8.845591866039509e-04 6.739891637004396e+00
25.1 8.850520534455122e-04 6.709846672464993e+00
25.2 8.855657532356268e-04 6.669426478901124e+00
25.3 8.862123608591929e-04 6.611279137354110e+00
25.4 8.875041027750145e-04 6.523928143911482e+00
25.5 8.908271873239555e-04 6.504930017362426e+00
25.6 8.953709908092082e-04 6.620246234762462e+00
25.7 8.999597666580734e-04 6.746188183096859e+00
25.8 9.030177494381531e-04 6.780073881414761e+00
25.9 9.050071109635874e-04 6.790806789933833e+00
26 9.064030572569700e-04 6.795367735393601e+00
26.1 9.074154613326914e-04 6.793205719615264e+00
26.2 9.081871078879243e-04 6.784522732935057e+00
26.3 9.088106807174478e-04 6.770083824911310e+00
26.4 9.093456739869697e-04 6.750106585256308e+00
26.5 9.098350251294354e-04 6.723902376344872e+00
26.6 9.103202589986905e-04 6.689441655653908e+00
26.7 9.108686965299639e-04 6.642117354916287e+00
26.8 9.116930409992254e-04 6.571850211902057e+00
26.9 9.137821558702811e-04 6.495340635885085e+00
27 9.176687977087968e-04 6.547137573250594e+00
27.1 9.222028014252644e-04 6.677794990739507e+00
27.2 9.262354662578295e-04 6.768777058534225e+00
27.3 9.287397055535133e-04 6.787764080351312e+00
27.4 9.304582321415857e-04 6.794419979278487e+00
27.5 9.316956739422085e-04 6.796215907644296e+00
27.6 9.326145228235269e-04 6.792014525766977e+00
27.7 9.333300737489344e-04 6.781978225632050e+00
27.8 9.339186825582555e-04 6.766617360652649e+00
27.9 9.344312027985726e-04 6.745929224943181e+00
28 9.349064102658238e-04 6.719066489826547e+00
28.1 9.353848285024523e-04 6.683862121993752e+00
28.2 9.359377637462888e-04 6.635556016277480e+00
28.3 9.368020212701600e-04 6.564494099912097e+00
28.4 9.389621354990184e-04 6.496131937045629e+00
28.5 9.427400922860936e-04 6.551748528647870e+00
28.6 9.471308704593712e-04 6.679449330334045e+00
28.7 9.510916359865954e-04 6.771643863185732e+00
28.8 9.535745657684939e-04 6.790511498895940e+00
28.9 9.552903232161955e-04 6.795788924557604e+00
29 9.565419665961421e-04 6.797191408486837e+00
29.1 9.574779301560408e-04 6.793502804237840e+00
29.2 9.582065896643907e-04 6.784394277771836e+00
29.3 9.588029445847028e-04 6.770214512601003e+00
29.4 9.593176656617559e-04 6.751021717091338e+00
29.5 9.597884524678546e-04 6.726197343574009e+00
29.6 9.602515302148857e-04 6.694073965025444e+00
29.7 9.607616783416791e-04 6.651053621090929e+00
29.8 9.614671911250276e-04 6.589631388887623e+00
29.9 9.630062773019986e-04 6.511129631460307e+00
30 9.662074487228195e-04 6.519117736978910e+00
30.1 9.703217025842013e-04 6.628645758619999e+00
30.2 9.745415659339040e-04 6.749499012860007e+00
30.3 9.775426472588703e-04 6.789304813421285e+00
30.4 9.794991348469138e-04 6.796418091720007e+00
30.5 9.809222072247352e-04 6.798387079151937e+00
30.6 9.819860488436080e-04 6.796883367288287e+00
30.7 9.828026061310621e-04 6.790582761142556e+00
30.8 9.834558032235858e-04 6.779389087365968e+00
30.9 9.840040636558633e-04 6.763479679429838e+00
31 9.844886160897211e-04 6.742650508361612e+00
31.1 9.849429478735088e-04 6.715998129483696e+00
31.2 9.854042287942219e-04 6.681470229338307e+00
31.3 9.859395544807050e-04 6.634798319563428e+00
31.4 9.867611125344363e-04 6.568098556291056e+00
31.5 9.886684524876637e-04 6.501731765446127e+00
31.6 9.920341695723017e-04 6.539299111918726e+00
31.7 9.961058729447943e-04 6.655529673194663e+00
31.8 1.000139266730717e-03 6.767144151588136e+00
31.9 1.002825103994869e-03 6.794962623333145e+00
32 1.004646436488255e-03 6.799371364110890e+00
32.1 1.005994894869063e-03 6.799808684686293e+00
32.2 1.007017457118301e-03 6.797400681272762e+00
32.3 1.007811030850094e-03 6.790734886275025e+00
32.4 1.008450434324845e-03 6.779542258533516e+00
32.5 1.008989235410322e-03 6.763888910912623e+00
32.6 1.009466001122060e-03 6.743548309005716e+00
32.7 1.009912290326517e-03 6.717684666081528e+00
32.8 1.010362633439149e-03 6.684451327993346e+00
32.9 1.010876625839537e-03 6.640098616841232e+00
33 1.011628504824025e-03 6.577699933267522e+00
33.1 1.013274395806842e-03 6.508407922508343e+00
33.2 1.016337322829280e-03 6.526229180439838e+00
33.3 1.020199569944482e-03 6.630778954887083e+00
33.4 1.024210872549078e-03 6.748893881013739e+00
33.5 1.027209485747339e-03 6.795403076530915e+00
33.6 1.029153718826095e-03 6.801975298667291e+00
33.7 1.030584745185211e-03 6.801710617384123e+00
33.8 1.031677970227425e-03 6.799627556485894e+00
33.9 1.032526772303536e-03 6.794245080374431e+00
34 1.033205121092091e-03 6.784749377848060e+00
34.1 1.033769000931215e-03 6.771051329671782e+00
34.2 1.034259030977411e-03 6.753035409219384e+00
34.3 1.034706664154290e-03 6.730171654214375e+00
34.4 1.035141743059962e-03 6.701211701199419e+00
34.5 1.035605258347077e-03 6.663640671162916e+00
34.6 1.036188396230469e-03 6.612557803092545e+00
34.7 1.037211581510806e-03 6.543044972011084e+00
34.8 1.039452792844565e-03 6.503442127903769e+00
34.9 1.042807690535139e-03 6.563546697630337e+00
35 1.046699166281935e-03 6.679699566900612e+00
35.1 1.050440029888437e-03 6.779796644158107e+00
35.2 1.052896469123064e-03 6.803195828955525e+00
35.3 1.054599811448457e-03 6.804927119797853e+00
35.4 1.055888650593112e-03 6.803005379936391e+00
35.5 1.056888782100141e-03 6.799548127728112e+00
35.6 1.057676942179295e-03 6.792996324555375e+00
35.7 1.058315876836607e-03 6.782631945188121e+00
35.8 1.058853678713974e-03 6.768305832282921e+00
35.9 1.059326123511673e-03 6.749809537899711e+00
36 1.059761989807164e-03 6.726535623422365e+00
36.1 1.060190043291502e-03 6.697176105968548e+00
36.2 1.060652055182603e-03 6.659176201451952e+00
36.3 1.061244421188171e-03 6.607737183018100e+00
36.4 1.062300154978198e-03 6.539696418911027e+00
36.5 1.064524489675112e-03 6.505507698849350e+00
36.6 1.067779289079162e-03 6.565050200856076e+00
36.7 1.071559974615858e-03 6.678312801962877e+00
36.8 1.075255684452859e-03 6.780784555378507e+00
36.9 1.077720523352969e-03 6.806369871872621e+00
37 1.079424684468825e-03 6.808088014070189e+00
37.1 1.080718284096857e-03 6.805170254514908e+00
37.2 1.081731517003981e-03 6.801290992709230e+00
37.3 1.082534964093361e-03 6.795023595487576e+00
37.4 1.083186706458723e-03 6.785365739619676e+00
37.5 1.083733252116348e-03 6.772015452863457e+00
37.6 1.084209929833776e-03 6.754765291115544e+00
37.7 1.084644791715457e-03 6.733129391631069e+00
37.8 1.085064239350704e-03 6.706071462782513e+00
37.9 1.085502497319997e-03 6.671594162840067e+00
38 1.086027568844452e-03 6.625962231356100e+00
38.1 1.086846120989570e-03 6.564198214091618e+00
38.2 1.088555635673867e-03 6.508924718092281e+00
38.3 1.091386821392118e-03 6.533477613258629e+00
38.4 1.094909165366115e-03 6.629646184124322e+00
38.5 1.098643396207517e-03 6.743652007942073e+00
38.6 1.101673363896638e-03 6.802880115818410e+00
38.7 1.103628088854685e-03 6.812117375463220e+00
38.8 1.105064906408093e-03 6.809341935850904e+00
38.9 1.106189008521878e-03 6.805113121020415e+00
39 1.107083035471815e-03 6.799832459530704e+00
39.1 1.107803478689189e-03 6.792022970551804e+00
39.2 1.108398548918638e-03 6.780946513216213e+00
39.3 1.108906712080326e-03 6.766326230607702e+00
39.4 1.109357893214953e-03 6.747858233987856e+00
39.5 1.109777274256092e-03 6.724914513054329e+00
39.6 1.110191001010891e-03 6.696268648794612e+00
39.7 1.110637525473124e-03 6.659637611180283e+00
39.8 1.111202748329390e-03 6.610961178301560e+00
39.9 1.112159597887081e-03 6.547646891691185e+00
40 1.114097913314403e-03 6.507726221277885e+00
40.1 1.117012657171007e-03 6.549628897155203e+00
40.2 1.120516194764785e-03 6.650969930532974e+00
40.3 1.124146465848991e-03 6.760968121776964e+00
40.4 1.126936497535778e-03 6.809041173014307e+00
40.5 1.128769776506373e-03 6.815577127633352e+00
40.6 1.130137017346892e-03 6.811587228706118e+00
40.7 1.131218289484866e-03 6.806450556998995e+00
40.8 1.132086908259373e-03 6.800578381547445e+00
40.9 1.132792634378210e-03 6.792530448946444e+00
41 1.133378760944491e-03 6.781493965812031e+00
41.1 1.133880751041946e-03 6.767124477776568e+00
41.2 1.134326734661329e-03 6.749099110642997e+00
41.3 1.134740559421648e-03 6.726827310346579e+00
41.4 1.135146711520139e-03 6.699196945902148e+00
41.5 1.135579954738379e-03 6.664180474405261e+00
41.6 1.136113571596285e-03 6.618219781533577e+00
41.7 1.136966741192006e-03 6.558130922611264e+00
41.8 1.138666920291303e-03 6.510731609669012e+00
41.9 1.141341029040577e-03 6.536312103450553e+00
42 1.144656307731028e-03 6.626458608487331e+00
42.1 1.148221154462214e-03 6.737342822443448e+00
42.2 1.151283236133689e-03 6.805984116160524e+00
42.3 1.153268517765535e-03 6.819121931848591e+00
42.4 1.154714231834829e-03 6.816140344054423e+00
42.5 1.155850860716272e-03 6.810199327621945e+00
42.6 1.156769200891100e-03 6.804114879839123e+00
42.7 1.157517590260353e-03 6.796721169542558e+00
42.8 1.158136832281519e-03 6.786876618561307e+00
42.9 1.158662268330959e-03 6.774039429524244e+00
43 1.159122657248732e-03 6.757882277786440e+00
43.1 1.159541734287464e-03 6.737960808469929e+00
43.2 1.159941654626614e-03 6.713476758774769e+00
43.3 1.160349034325154e-03 6.682996769382353e+00
43.4 1.160809470009206e-03 6.643988533957982e+00
43.5 1.161436338569047e-03 6.592599560532345e+00
43.6 1.162568218278938e-03 6.532688697119061e+00
43.7 1.164648178969473e-03 6.512771703003509e+00
43.8 1.167526689940516e-03 6.566532231510521e+00
43.9 1.170901494906352e-03 6.667846495456937e+00
44 1.174360844375497e-03 6.773061878200602e+00
44.1 1.176970321510230e-03 6.816557770849677e+00
44.2 1.178714075666622e-03 6.822566567831881e+00
44.3 1.180024557823484e-03 6.817340510237188e+00
44.4 1.181073550970707e-03 6.810574177037800e+00
44.5 1.181930361620020e-03 6.803761579089127e+00
44.6 1.182635660334529e-03 6.795663466918733e+00
44.7 1.183225091031453e-03 6.785239291748091e+00
44.8 1.183729836784034e-03 6.771963168149273e+00
44.9 1.184175706687001e-03 6.755477522506093e+00
45 1.184584568491108e-03 6.735302500068054e+00
45.1 1.184977561336633e-03 6.710614011979678e+00
45.2 1.185381069144302e-03 6.679971463083982e+00
45.3 1.185841566688766e-03 6.640891107313359e+00
45.4 1.186475034781183e-03 6.589861380077000e+00
45.5 1.187611875182503e-03 6.532155966641525e+00
45.6 1.189644404588273e-03 6.514255926993240e+00
45.7 1.192434398650108e-03 6.565968321729248e+00
45.8 1.195714855933801e-03 6.664157495698398e+00
45.9 1.199109543992788e-03 6.768887322388430e+00
46 1.201767091217721e-03 6.818134528237318e+00
46.1 1.203531522910446e-03 6.826207249229494e+00
46.2 1.204849498748771e-03 6.821156339767655e+00
46.3 1.205904356435724e-03 6.813655058075277e+00
46.4 1.206771356404635e-03 6.806326275918002e+00
46.5 1.207489288962854e-03 6.798254487108238e+00
46.6 1.208090535453139e-03 6.788285459424704e+00
46.7 1.208604444202792e-03 6.775760882997082e+00
46.8 1.209056032714769e-03 6.760281054164031e+00
46.9 1.209466533212559e-03 6.741413254166448e+00
47 1.209855738288978e-03 6.718474076415776e+00
47.1 1.210246433192172e-03 6.690301746697855e+00
47.2 1.210674419259731e-03 6.654917952467708e+00
47.3 1.211218713379846e-03 6.609246112583946e+00
47.4 1.212100527349293e-03 6.552868928255040e+00
47.5 1.213735642365490e-03 6.514214874429278e+00
47.6 1.216178947535902e-03 6.538174470654861e+00
47.7 1.219205598557398e-03 6.618778001729178e+00
47.8 1.222529157429604e-03 6.724009740205135e+00
47.9 1.225633858344638e-03 6.806875542712725e+00
48 1.227701394648333e-03 6.828192555535687e+00
48.1 1.229182154136224e-03 6.827852845730221e+00
48.2 1.230335226261941e-03 6.820361684624174e+00
48.3 1.231278970327810e-03 6.812271005892739e+00
48.4 1.232063438507162e-03 6.804324795408673e+00
48.5 1.232719777303554e-03 6.795382937086462e+00
48.6 1.233276100272669e-03 6.784469339067752e+00
48.7 1.233757845243291e-03 6.771022445173822e+00
48.8 1.234186886445778e-03 6.754637903342201e+00
48.9 1.234582438628042e-03 6.734825036345866e+00
49 1.234963590910939e-03 6.710809375409535e+00
49.1 1.235354345305680e-03 6.681300372517542e+00
49.2 1.235795984787460e-03 6.644160947071176e+00
49.3 1.236385630318698e-03 6.596476728189954e+00
49.4 1.237384997877611e-03 6.541480108125380e+00
49.5 1.239154770248903e-03 6.514812724369612e+00
49.6 1.241652225394583e-03 6.550116157644028e+00
49.7 1.244674454890225e-03 6.635275742105776e+00
49.8 1.247938153664608e-03 6.739106419307488e+00
49.9 1.250885352913979e-03 6.813653327715950e+00
50 1.252838914021315e-03 6.832085120260275e+00
50.1 1.254255089246483e-03 6.830688864811756e+00
50.2 1.255366629240969e-03 6.822581438980130e+00
50.3 1.256282476991543e-03 6.813890499606083e+00
50.4 1.257049256756601e-03 6.805479346914959e+00
50.5 1.257695051007392e-03 6.796314901500319e+00
50.6 1.258245079159005e-03 6.785412133577237e+00
50.7 1.258722666436563e-03 6.772168159320662e+00
50.8 1.259148297247549e-03 6.756157015993033e+00
50.9 1.259540161956934e-03 6.736901935391640e+00
51 1.259916244397554e-03 6.713688347799360e+00
51.1 1.260298593435954e-03 6.685355959953177e+00
51.2 1.260723486241542e-03 6.650013301902785e+00
51.3 1.261271634183257e-03 6.605000615742160e+00
51.4 1.262155879679622e-03 6.551447374683931e+00
51.5 1.263726108704147e-03 6.516703561877439e+00
51.6 1.266020513584910e-03 6.538198409389192e+00
51.7 1.268866385122983e-03 6.612156139870332e+00
51.8 1.272033684330927e-03 6.712858406888175e+00
51.9 1.275149337692456e-03 6.804597035125575e+00
52 1.277294778839691e-03 6.832386565563682e+00
52.1 1.278818031179542e-03 6.835679114233408e+00
52.2 1.279988541741132e-03 6.828549288105648e+00
52.3 1.280944639536978e-03 6.819222838825890e+00
52.4 1.281747205377183e-03 6.810273686930703e+00
52.5 1.282425965884810e-03 6.801230458450441e+00
52.6 1.283004070859142e-03 6.791026952701833e+00
52.7 1.283503500563142e-03 6.778891945244255e+00
52.8 1.283944335361373e-03 6.764328137854578e+00
52.9 1.284344434404131e-03 6.746899135243978e+00
53 1.284720553204479e-03 6.726041145116739e+00
53.1 1.285091034020834e-03 6.700887037563770e+00
53.2 1.285481644722857e-03 6.670044380015914e+00
53.3 1.285940923278168e-03 6.631357375579787e+00
53.4 1.286586788238895e-03 6.582801610911079e+00
53.5 1.287696986444279e-03 6.533080248312880e+00
53.6 1.289521727812966e-03 6.518986216334359e+00
53.7 1.291976747868860e-03 6.561108232677569e+00
53.8 1.294899301525755e-03 6.646135303437311e+00
53.9 1.298035422160843e-03 6.746708899049549e+00
54 1.300866571992263e-03 6.819095455097062e+00
54.1 1.302758721006745e-03 6.838202987163315e+00
54.2 1.304137744624305e-03 6.837578147179752e+00
54.3 1.305220296318748e-03 6.829092936128752e+00
54.4 1.306116442015354e-03 6.819278399805885e+00
54.5 1.306875028685554e-03 6.809932029710787e+00
54.6 1.307521262155534e-03 6.800461618194237e+00
54.7 1.308075657375089e-03 6.789866948267204e+00
54.8 1.308557928698822e-03 6.777419707355516e+00
54.9 1.308986303412050e-03 6.762626320201374e+00
55 1.309377293429489e-03 6.745039028275972e+00
55.1 1.309746766309265e-03 6.724084086473104e+00
55.2 1.310112557285300e-03 6.698895739269056e+00
55.3 1.310500261686206e-03 6.668109606790403e+00
55.4 1.310958458247899e-03 6.629675570896047e+00
55.5 1.311603517254458e-03 6.581921344349809e+00
55.6 1.312697882285155e-03 6.533876010852260e+00
55.7 1.314468598975778e-03 6.519939115600627e+00
55.8 1.316844208804766e-03 6.559421758709203e+00
55.9 1.319681208509107e-03 6.640995275947770e+00
56 1.322751491094994e-03 6.739945102312952e+00
56.1 1.325615423964342e-03 6.817837501017481e+00
56.2 1.327550406559251e-03 6.840195785963594e+00
56.3 1.328953974176894e-03 6.841530843017713e+00
56.4 1.330047684387297e-03 6.833521282917729e+00
56.5 1.330950062637667e-03 6.823270881296248e+00
56.6 1.331716063507761e-03 6.813382921777668e+00
56.7 1.332371893983703e-03 6.803704879161529e+00
56.8 1.332936390152153e-03 6.793294432324236e+00
56.9 1.333427540234664e-03 6.781348850887195e+00
57 1.333862496949043e-03 6.767316299042419e+00
57.1 1.334257054087167e-03 6.750746876595931e+00
57.2 1.334626189333381e-03 6.731127759664532e+00
57.3 1.334985914430256e-03 6.707730923489562e+00
57.4 1.335357357934929e-03 6.679438662809315e+00
57.5 1.335776778031227e-03 6.644548615736527e+00
57.6 1.336323867747444e-03 6.601065406997638e+00
57.7 1.337189593441687e-03 6.551688136905995e+00
57.8 1.338644952820215e-03 6.520524196140800e+00
57.9 1.340724497510678e-03 6.537045318330083e+00
58 1.343313182450303e-03 6.600706868793922e+00
58.1 1.346248971567996e-03 6.693431095948513e+00
58.2 1.349258901258831e-03 6.788359750539634e+00
58.3 1.351624264712895e-03 6.834772715885669e+00
58.4 1.353242401961179e-03 6.845669724398516e+00
58.5 1.354459928190015e-03 6.841640268949702e+00
58.6 1.355438235951111e-03 6.831836073771889e+00
58.7 1.356260863590517e-03 6.821205238875281e+00
58.8 1.356966199252122e-03 6.811099005947126e+00
58.9 1.357574535775510e-03 6.801001185177901e+00
59 1.358102366773793e-03 6.790014298770667e+00
59.1 1.358565834517822e-03 6.777430336190410e+00
59.2 1.358980362892207e-03 6.762739415190644e+00
59.3 1.359360392359091e-03 6.745485876517462e+00
59.4 1.359720146001002e-03 6.725121271146330e+00
59.5 1.360075740921905e-03 6.700860345296873e+00
59.6 1.360449935752780e-03 6.671512125131891e+00
59.7 1.360884131949989e-03 6.635341014466856e+00
59.8 1.361471716926535e-03 6.590815844248828e+00
59.9 1.362421182022937e-03 6.543629239065925e+00
60 1.363960340772824e-03 6.520764172196642e+00
