0.1 1.118929346416091e-04 6.664173659218565e+00
0.2 1.615254849519487e-04 6.907737752826932e+00
0.3 1.871833485111810e-04 6.774291764395532e+00
0.4 2.125378469312687e-04 6.722789106936269e+00
0.5 2.376258075756827e-04 6.737211837822569e+00
0.6 2.624634516701000e-04 6.804053852730380e+00
0.7 2.872123218956236e-04 6.899395678459923e+00
0.8 3.118691490287853e-04 7.017063803843270e+00
0.9 3.357608067543626e-04 7.192148175542624e+00
1 3.377861837992284e-04 6.796795786194506e+00
1.1 3.621204319973011e-04 6.983266424432741e+00
1.2 3.859034854800192e-04 7.203051987385059e+00
1.3 3.876184456737672e-04 6.863300034317191e+00
1.4 4.118422397442625e-04 7.080407919898230e+00
1.5 4.132589560212280e-04 6.766227982980920e+00
1.6 4.371034716237923e-04 7.025838269110279e+00
1.7 4.394517574932187e-04 6.691681998643821e+00
1.8 4.622127660659197e-04 7.005892305371623e+00
1.9 4.658521484120202e-04 6.681177131623881e+00
2 4.872187951645463e-04 7.013458972399865e+00
2.1 4.894484188205573e-04 6.710504267965581e+00
2.2 5.121340790945608e-04 7.044470917717939e+00
2.3 5.134380360055643e-04 6.785086734573950e+00
2.4 5.369502792781531e-04 7.097162047135729e+00
2.5 5.378946864852023e-04 6.868402825043948e+00
2.6 5.615712078464428e-04 7.175342318375524e+00
2.7 5.625282095420572e-04 6.954791483844248e+00
2.8 5.846335387135787e-04 7.305505809165576e+00
2.9 5.871962302095208e-04 7.048339034149729e+00
3 5.882543465106421e-04 6.827996244148256e+00
3.1 6.117146085813359e-04 7.160746690965961e+00
3.2 6.125558002034752e-04 6.961145137554997e+00
3.3 6.304397796632982e-04 7.248894605384989e+00
3.4 6.370866984199389e-04 7.086680801130242e+00
3.5 6.378967259071307e-04 6.894685349663972e+00
3.6 6.611066301478070e-04 7.246332103292761e+00
3.7 6.622806267635242e-04 7.042355210084349e+00
3.8 6.632439144360356e-04 6.847041826270345e+00
3.9 6.865078815069812e-04 7.204002945065600e+00
4 6.873865293327656e-04 7.019737049526440e+00
4.1 6.885078757254671e-04 6.822470266410506e+00
4.2 7.116166699561114e-04 7.191064518350364e+00
4.3 7.124185778911219e-04 7.016107505901107e+00
4.4 7.135345113199097e-04 6.824727168518049e+00
4.5 7.365739421572930e-04 7.200207523935390e+00
4.6 7.373818788746756e-04 7.029613612873169e+00
4.7 7.383292221975058e-04 6.851213494661915e+00
4.8 7.613595664751753e-04 7.230486227560335e+00
4.9 7.622825190543010e-04 7.058520744132679e+00
5 7.630421376893402e-04 6.894777371139980e+00
5.1 7.857118336630591e-04 7.286858223087957e+00
5.2 7.871185110533807e-04 7.101819596789781e+00
5.3 7.877624652173378e-04 6.949206275390946e+00
5.4 7.920899138947162e-04 6.770190359871554e+00
5.5 8.118538693750180e-04 7.160757978704511e+00
5.6 8.124995118027365e-04 7.011816199904264e+00
5.7 8.135067225335868e-04 6.844378734755700e+00
5.8 8.363011302520583e-04 7.242832263008385e+00
5.9 8.372205293921312e-04 7.083403964578404e+00
6 8.378546899647213e-04 6.938706472836383e+00
6.1 8.448916837261416e-04 6.856517124928761e+00
6.2 8.618313903968586e-04 7.169303534982978e+00
6.3 8.624579750645993e-04 7.028392391123829e+00
6.4 8.632767821712555e-04 6.877225187348235e+00
6.5 8.857770782724492e-04 7.288872028145168e+00
6.6 8.870656952391397e-04 7.124237539535493e+00
6.7 8.876373546890318e-04 6.989847193680768e+00
6.8 8.888194105068225e-04 6.828323456676713e+00
6.9 9.113299575744132e-04 7.244181775139335e+00
7 9.121923976581070e-04 7.097772949859857e+00
7.1 9.127627417418847e-04 6.966454934638826e+00
7.2 9.144321158500349e-04 6.798100603173821e+00
7.3 9.365078089801551e-04 7.224372777027011e+00
7.4 9.372500280459088e-04 7.086535812575971e+00
7.5 9.378209329252564e-04 6.958031102510922e+00
7.6 9.397395372566207e-04 6.791044149388005e+00
7.7 9.615297581752817e-04 7.222784322197273e+00
7.8 9.622492656510436e-04 7.088926496683022e+00
7.9 9.628044897475696e-04 6.964043808930414e+00
8 9.644242512044082e-04 6.804466443997571e+00
8.1 9.864222489846110e-04 7.237384066217401e+00
8.2 9.871933627793317e-04 7.103915178746393e+00
8.3 9.877223461377382e-04 6.983116279263030e+00
8.4 9.888717425454701e-04 6.836763403866809e+00
8.5 1.011119271316446e-03 7.269004400812677e+00
8.6 1.012079227734658e-03 7.130955872764615e+00
8.7 1.012592189811063e-03 7.013469245457713e+00
8.8 1.013392306954182e-03 6.881918398528805e+00
8.9 1.035184288399891e-03 7.321344677404187e+00
9 1.036887796323634e-03 7.170438013310236e+00
9.1 1.037426002038542e-03 7.053709371238919e+00
9.2 1.038019667774070e-03 6.934224530182313e+00
9.3 1.041259967652548e-03 6.790178367721322e+00
9.4 1.061546366153475e-03 7.224961255347366e+00
9.5 1.062218811378638e-03 7.103567080531826e+00
9.6 1.062717261630159e-03 6.991486331800640e+00
9.7 1.063676698044955e-03 6.859606402706978e+00
9.8 1.085652600541528e-03 7.303025610820615e+00
9.9 1.086931832658274e-03 7.164811306687723e+00
10 1.087441909118623e-03 7.054021116575965e+00
10.1 1.088012184620642e-03 6.940266863356156e+00
10.2 1.090364569911144e-03 6.795907674820970e+00
10.3 1.111406299986460e-03 7.243777480557760e+00
10.4 1.112138884847753e-03 7.124298922905042e+00
10.5 1.112613115028269e-03 7.017669968459524e+00
10.6 1.113323820511202e-03 6.899693756293836e+00
10.7 1.133058470703727e-03 7.334683878948920e+00
10.8 1.136682330487357e-03 7.208665357514153e+00
10.9 1.137264504482649e-03 7.098059964618081e+00
11 1.137740259464631e-03 6.993331764883961e+00
11.1 1.138621784175801e-03 6.871446837337854e+00
11.2 1.160149895188626e-03 7.325065820242792e+00
11.3 1.161808524231466e-03 7.189751786476975e+00
11.4 1.162333563809882e-03 7.083982843158710e+00
11.5 1.162815785912557e-03 6.980786444446178e+00
11.6 1.163820410988809e-03 6.857705492827335e+00
11.7 1.185485852150580e-03 7.313047155285960e+00
11.8 1.186848654114667e-03 7.183890385788840e+00
11.9 1.187353415194318e-03 7.081006993229358e+00
12 1.187831562518702e-03 6.979830094301773e+00
12.1 1.188828477354634e-03 6.859269584014501e+00
12.2 1.210393239078708e-03 7.317287461326242e+00
12.3 1.211819068466849e-03 7.189715129992367e+00
12.4 1.212326929151478e-03 7.088403805269606e+00
12.5 1.212788220318812e-03 6.989835624944365e+00
12.6 1.213654270755912e-03 6.875053066140524e+00
12.7 1.234740999820727e-03 7.335512538197189e+00
12.8 1.236715176848216e-03 7.206834386312864e+00
12.9 1.237255274085758e-03 7.105600428411441e+00
13 1.237695614249924e-03 7.009765687178307e+00
13.1 1.238391637377510e-03 6.902586802115653e+00
13.2 1.253646023072459e-03 7.217156350392533e+00
13.3 1.261505465924778e-03 7.235853067566378e+00
13.4 1.262135521171027e-03 7.132301753932904e+00
13.5 1.262565627550726e-03 7.038514245305802e+00
13.6 1.263117593841395e-03 6.938923819271212e+00
13.7 1.265036600260944e-03 6.815567783170512e+00
13.8 1.286073902162558e-03 7.279108881603184e+00
13.9 1.286952857269188e-03 7.168850995872154e+00
14 1.287403881145834e-03 7.075344317249845e+00
14.1 1.287860735670322e-03 6.981819906073420e+00
14.2 1.288764061217139e-03 6.872026001167174e+00
14.3 1.309628710035063e-03 7.337898376889665e+00
14.4 1.311657815422470e-03 7.216958820873211e+00
14.5 1.312202684586396e-03 7.120317969698097e+00
14.6 1.312619043323470e-03 7.030263936713365e+00
14.7 1.313184184676687e-03 6.933347463769426e+00
14.8 1.315280264787630e-03 6.815619048624125e+00
14.9 1.336051502764596e-03 7.281474026331369e+00
15 1.336927375758706e-03 7.174920360211745e+00
15.1 1.337373373993569e-03 7.084551866627309e+00
15.2 1.337804991717385e-03 6.995201210915877e+00
15.3 1.338556681596687e-03 6.893251058222483e+00
15.4 1.356084894002572e-03 7.296195204851428e+00
15.5 1.361454785779635e-03 7.243593594249689e+00
15.6 1.362083232228448e-03 7.146541666520235e+00
15.7 1.362494589824848e-03 7.059416194248580e+00
15.8 1.362960075913508e-03 6.969838817517571e+00
15.9 1.363965881225569e-03 6.863374909563660e+00
16 1.384834413253168e-03 7.334942435927948e+00
16.1 1.386638844288498e-03 7.221011648111208e+00
16.2 1.387173781061163e-03 7.129181914389314e+00
16.3 1.387572950468232e-03 7.044055070147866e+00
16.4 1.388069438080395e-03 6.954467407050059e+00
16.5 1.389324744552431e-03 6.846083152011126e+00
16.6 1.410374903901999e-03 7.319753083318803e+00
16.7 1.411717311163539e-03 7.210410642200393e+00
16.8 1.412214830126346e-03 7.121579835384767e+00
16.9 1.412608221152598e-03 7.038033334359225e+00
17 1.413115881497075e-03 6.949328626326865e+00
17.1 1.414467265883932e-03 6.841947007504238e+00
17.2 1.435447803810448e-03 7.316986491124414e+00
17.3 1.436721441481250e-03 7.210244930154531e+00
17.4 1.437212045925342e-03 7.123017700609255e+00
17.5 1.437600151655505e-03 7.040953549418775e+00
17.6 1.438092305782596e-03 6.954214856002618e+00
17.7 1.439310844638492e-03 6.850001037254659e+00
17.8 1.460182357303730e-03 7.326549165717105e+00
17.9 1.461655628508929e-03 7.219901834780055e+00
18 1.462166827170706e-03 7.133039991193453e+00
18.1 1.462550982329328e-03 7.052319760249258e+00
18.2 1.463007373180307e-03 6.968368771726491e+00
18.3 1.463972585989051e-03 6.869532981247243e+00
18.4 1.484162045971424e-03 7.342601130337416e+00
18.5 1.486503874361277e-03 7.239463310741805e+00
18.6 1.487076742151669e-03 7.151414573810135e+00
18.7 1.487464452406889e-03 7.071591000825528e+00
18.8 1.487879105238416e-03 6.990695343246540e+00
18.9 1.488603175655988e-03 6.898755511101808e+00
19 1.496760685961190e-03 6.969172649005973e+00
19.1 1.511208618452377e-03 7.269905446535998e+00
19.2 1.511931658877087e-03 7.178282970951674e+00
19.3 1.512342381981483e-03 7.098362538672115e+00
19.4 1.512723887570889e-03 7.020120481854579e+00
19.5 1.513269884457368e-03 6.935062970472359e+00
19.6 1.514953230395057e-03 6.834217174404413e+00
19.7 1.535542151178898e-03 7.313151843696982e+00
19.8 1.536701976902380e-03 7.214495947575098e+00
19.9 1.537179776279168e-03 7.132611841047293e+00
20 1.537549557785815e-03 7.055918248831951e+00
20.1 1.537981531154348e-03 6.976516162094240e+00
20.2 1.538813225908353e-03 6.884791250777045e+00
20.3 1.556083213718685e-03 7.297369222764948e+00
20.4 1.561294239390815e-03 7.262331303074177e+00
20.5 1.561955875951334e-03 7.175063808354198e+00
20.6 1.562352409262999e-03 7.097973061477648e+00
20.7 1.562724977981866e-03 7.022280232498588e+00
20.8 1.563249205248942e-03 6.940376619708555e+00
20.9 1.564702373256176e-03 6.843380124608043e+00
21 1.585224871713819e-03 7.325327374614628e+00
21.1 1.586606203660708e-03 7.227889553115274e+00
21.2 1.587112137574216e-03 7.147080366454032e+00
21.3 1.587478647998089e-03 7.072536190695461e+00
21.4 1.587872366474302e-03 6.996925465935374e+00
21.5 1.588518207789624e-03 6.912331496124048e+00
21.6 1.591589193652342e-03 6.833101479524859e+00
21.7 1.610861548476266e-03 7.296144711144692e+00
21.8 1.611770141631641e-03 7.205594569577944e+00
21.9 1.612210204263181e-03 7.128529688502727e+00
22 1.612566344418651e-03 7.055524326690006e+00
22.1 1.612984186994380e-03 6.979891344762045e+00
22.2 1.613753027321448e-03 6.893481039726117e+00
22.3 1.623006868649050e-03 7.019198644928702e+00
22.4 1.636103815816336e-03 7.279148927833230e+00
22.5 1.636853586407999e-03 7.193168352966823e+00
22.6 1.637263895214002e-03 7.118407742002297e+00
22.7 1.637616050813277e-03 7.046568542735394e+00
22.8 1.638048730742740e-03 6.971331349863807e+00
22.9 1.638894600957933e-03 6.884658365753444e+00
23 1.654708780352804e-03 7.257657623105065e+00
23.1 1.661179274763339e-03 7.273039855607331e+00
23.2 1.661879006935869e-03 7.189455542782477e+00
23.3 1.662278417900121e-03 7.116136989907362e+00
23.4 1.662626973375357e-03 7.045392369123930e+00
23.5 1.663057701664449e-03 6.971213619934101e+00
23.6 1.663894998562653e-03 6.885945948583159e+00
23.7 1.678499111219681e-03 7.218045797782592e+00
23.8 1.686134375875292e-03 7.276791764942908e+00
23.9 1.686853121963194e-03 7.193869144268607e+00
24 1.687255733605300e-03 7.121325727958952e+00
24.1 1.687599841364597e-03 7.051666407465436e+00
24.2 1.688011852635903e-03 6.979179988473433e+00
24.3 1.688760970919890e-03 6.896793816685347e+00
24.4 1.694805645586735e-03 6.910879538931802e+00
24.5 1.710954199892618e-03 7.290139488852271e+00
24.6 1.711773248859455e-03 7.206201415070815e+00
24.7 1.712195870319552e-03 7.133700620954129e+00
24.8 1.712537267483532e-03 7.064994702135532e+00
24.9 1.712920614728842e-03 6.994586406649914e+00
25 1.713545740131422e-03 6.916169619545219e+00
25.1 1.715959563397149e-03 6.836088556271985e+00
25.2 1.735537115422525e-03 7.313214766553189e+00
25.3 1.736624896486529e-03 7.226640609079877e+00
25.4 1.737095796742408e-03 7.153150400527132e+00
25.5 1.737442065530308e-03 7.084996043414677e+00
25.6 1.737796534089520e-03 7.016670969849311e+00
25.7 1.738303238886511e-03 6.942662004604339e+00
25.8 1.739566033850122e-03 6.856983548972082e+00
25.9 1.759343308675276e-03 7.341102144038265e+00
26 1.761366827836978e-03 7.255964120030825e+00
26.1 1.761945565435750e-03 7.179863508357937e+00
26.2 1.762314335097891e-03 7.111442066888102e+00
26.3 1.762649243831193e-03 7.044763613677013e+00
26.4 1.763063637250425e-03 6.974877267566753e+00
26.5 1.763828152343780e-03 6.895542883707928e+00
26.6 1.769701692323648e-03 6.910626078109973e+00
26.7 1.785866236414305e-03 7.295733082126735e+00
26.8 1.786718322419064e-03 7.214583281710333e+00
26.9 1.787147348885449e-03 7.144444186473419e+00
27 1.787481681862142e-03 7.078487774132923e+00
27.1 1.787835546066393e-03 7.011845054598358e+00
27.2 1.788352134186440e-03 6.939389496235983e+00
27.3 1.789664613738958e-03 6.856267307871010e+00
27.4 1.809312556874341e-03 7.341083741818996e+00
27.5 1.811335836702139e-03 7.259083204445924e+00
27.6 1.811919348293888e-03 7.184733492997967e+00
27.7 1.812287337767582e-03 7.117949092971348e+00
27.8 1.812614119737441e-03 7.053194969110782e+00
27.9 1.813002440921580e-03 6.985978576026513e+00
28 1.813659811740427e-03 6.910839775272912e+00
28.1 1.816349067063136e-03 6.842280131974366e+00
28.2 1.835462623998012e-03 7.316042003257550e+00
28.3 1.836567553899831e-03 7.234179284967807e+00
28.4 1.837044056446798e-03 7.163993706159836e+00
28.5 1.837384621604520e-03 7.099233105685625e+00
28.6 1.837714539924682e-03 7.035143148828002e+00
28.7 1.838140864253931e-03 6.967341795347920e+00
28.8 1.838958749631291e-03 6.890316224547641e+00
28.9 1.846704815305589e-03 6.979116187968519e+00
29 1.860849470472044e-03 7.296554516662211e+00
29.1 1.861690729064512e-03 7.218747259961817e+00
29.2 1.862117866598616e-03 7.151128925949477e+00
29.3 1.862445696535168e-03 7.087716282748644e+00
29.4 1.862780372070537e-03 7.024185644040347e+00
29.5 1.863235705422315e-03 6.956223374212275e+00
29.6 1.864186365048108e-03 6.878664568603949e+00
29.7 1.879950589049891e-03 7.265862946302334e+00
29.8 1.885999885622603e-03 7.286709792363988e+00
29.9 1.886745059941059e-03 7.211493362853927e+00
30 1.887150829960226e-03 7.145455814848254e+00
30.1 1.887472552496786e-03 7.083051941381620e+00
30.2 1.887808177674116e-03 7.020216966350686e+00
30.3 1.888272912589161e-03 6.952765270665085e+00
30.4 1.889266711388953e-03 6.875911590340740e+00
30.5 1.905883361379127e-03 7.292438588566487e+00
30.6 1.911012379400965e-03 7.285763485052261e+00
30.7 1.911744311356750e-03 7.211728038256396e+00
30.8 1.912146889653406e-03 7.146560650632940e+00
30.9 1.912466057349910e-03 7.084966271866538e+00
31 1.912796768566873e-03 7.023044377075461e+00
31.1 1.913247511282483e-03 6.956818159763394e+00
31.2 1.914171451364165e-03 6.881622012596102e+00
31.3 1.927691691514507e-03 7.192414593736661e+00
31.4 1.935898742684356e-03 7.293250903046096e+00
31.5 1.936690193782437e-03 7.219139444983592e+00
31.6 1.937106790720642e-03 7.154186932584105e+00
31.7 1.937427182685327e-03 7.093198701127992e+00
31.8 1.937748380058471e-03 7.032351711834782e+00
31.9 1.938166686340478e-03 6.967929925877955e+00
32 1.938947907111232e-03 6.895373872158554e+00
32.1 1.943835259618068e-03 6.892426440501056e+00
32.2 1.960608851664951e-03 7.309014443443520e+00
32.3 1.961573866383677e-03 7.233734397765801e+00
32.4 1.962028222520356e-03 7.168221340031611e+00
32.5 1.962356717146507e-03 7.107513867166873e+00
32.6 1.962667638426912e-03 7.047741370355921e+00
32.7 1.963045323313403e-03 6.985438108128238e+00
32.8 1.963670701225057e-03 6.916395270680637e+00
32.9 1.965747786899376e-03 6.847697832215340e+00
33 1.984925053008584e-03 7.331639730047679e+00
33.1 1.986368400205642e-03 7.255893164150193e+00
33.2 1.986903669300607e-03 7.188753679280598e+00
33.3 1.987253773726765e-03 7.127767124947400e+00
33.4 1.987559126123377e-03 7.068828652132511e+00
33.5 1.987898426254864e-03 7.008625729973180e+00
33.6 1.988391509583208e-03 6.943459408213894e+00
33.7 1.989511717027533e-03 6.870195773119372e+00
33.8 2.007062345203081e-03 7.319882694150328e+00
33.9 2.010997614424008e-03 7.286441143104428e+00
34 2.011714231595210e-03 7.216214012912634e+00
34.1 2.012113015273715e-03 7.154015494189748e+00
34.2 2.012424628133890e-03 7.095362297488021e+00
34.3 2.012735815266761e-03 7.036893432904447e+00
34.4 2.013131384018815e-03 6.975356893317557e+00
34.5 2.013823060829859e-03 6.906797886145840e+00
34.6 2.016587574978658e-03 6.852569780509405e+00
34.7 2.035165718464230e-03 7.325234422518987e+00
34.8 2.036410902716960e-03 7.251608524789602e+00
34.9 2.036919127157480e-03 7.186688009275614e+00
35 2.037260192561655e-03 7.127362391148217e+00
35.1 2.037560095108538e-03 7.069908036210277e+00
35.2 2.037892116488493e-03 7.011277510032080e+00
35.3 2.038365946558962e-03 6.948091029513476e+00
35.4 2.039381407465128e-03 6.877224329975370e+00
35.5 2.054284354864145e-03 7.245600678736249e+00
35.6 2.060834015191700e-03 7.296614990733239e+00
35.7 2.061631899855779e-03 7.226869027808892e+00
35.8 2.062051226501261e-03 7.165301473418960e+00
35.9 2.062365625986026e-03 7.107730509797487e+00
36 2.062665575545069e-03 7.050929496162399e+00
36.1 2.063024223290240e-03 6.991965286020259e+00
36.2 2.063587833648436e-03 6.927353421033694e+00
36.3 2.065096162816717e-03 6.858114917238806e+00
36.4 2.083877259342609e-03 7.340570806028886e+00
36.5 2.086126863305113e-03 7.276701713519417e+00
36.6 2.086758902026363e-03 7.210411301877225e+00
36.7 2.087134996393250e-03 7.150981041999352e+00
36.8 2.087436793184044e-03 7.094570889228955e+00
36.9 2.087740457526213e-03 7.038238454117056e+00
37 2.088122922331708e-03 6.979104329692587e+00
37.1 2.088767794371245e-03 6.913716750278430e+00
37.2 2.090897273619658e-03 6.852411812670227e+00
37.3 2.109701060089862e-03 7.334875749288212e+00
37.4 2.111264876613848e-03 7.265227638623221e+00
37.5 2.111825338148568e-03 7.201164444716362e+00
37.6 2.112180492317256e-03 7.143120748983455e+00
37.7 2.112476151889534e-03 7.087567848964488e+00
37.8 2.112782154785399e-03 7.031737302674804e+00
37.9 2.113177847818054e-03 6.972814613794506e+00
38 2.113868863043988e-03 6.907487592286575e+00
38.1 2.116445887732214e-03 6.855229393703002e+00
38.2 2.134919019724468e-03 7.330695525246156e+00
38.3 2.136307435838478e-03 7.261343217415701e+00
38.4 2.136844280261799e-03 7.198517839217062e+00
38.5 2.137191973114287e-03 7.141348139423475e+00
38.6 2.137484526636869e-03 7.086493169542059e+00
38.7 2.137788845788048e-03 7.031302066851971e+00
38.8 2.138182536948310e-03 6.973062557919000e+00
38.9 2.138866033217917e-03 6.908606756087140e+00
39 2.141321321948891e-03 6.855358960002761e+00
39.1 2.159811460873402e-03 7.332627472178658e+00
39.2 2.161270551110837e-03 7.264564754917851e+00
39.3 2.161819774336152e-03 7.202138845248687e+00
39.4 2.162170954502306e-03 7.145416927875466e+00
39.5 2.162462613170277e-03 7.091138257992933e+00
39.6 2.162761008724291e-03 7.036729458139293e+00
39.7 2.163137905724012e-03 6.979614519510185e+00
39.8 2.163764054674241e-03 6.916758454436506e+00
39.9 2.165662478605098e-03 6.855872691517167e+00
40 2.184292302208284e-03 7.338689350339239e+00
40.1 2.186146594892544e-03 7.274746675511180e+00
40.2 2.186749646544525e-03 7.211902751154290e+00
40.3 2.187116993752712e-03 7.155173571306824e+00
40.4 2.187411249669264e-03 7.101301453011549e+00
40.5 2.187701434195569e-03 7.047740516495438e+00
40.6 2.188051757261194e-03 6.992062668683008e+00
40.7 2.188593151819766e-03 6.931418932601045e+00
40.8 2.189916473498212e-03 6.866406320865416e+00
40.9 2.207510376389690e-03 7.326905794298008e+00
41 2.210896826737997e-03 7.291997139994864e+00
41.1 2.211624026092997e-03 7.227899857873483e+00
41.2 2.212026988785421e-03 7.170575940724211e+00
41.3 2.212330707981861e-03 7.116817325150334e+00
41.4 2.212613907358006e-03 7.064028334666204e+00
41.5 2.212934915475794e-03 7.009903229391250e+00
41.6 2.213388507438064e-03 6.951849114202197e+00
41.7 2.214291789086834e-03 6.887691391718835e+00
41.8 2.220853586292791e-03 6.960572735345792e+00
41.9 2.235396936760239e-03 7.316140456446471e+00
42 2.236417983488637e-03 7.250500432641060e+00
42.1 2.236892736608440e-03 7.191757625508427e+00
42.2 2.237219134245195e-03 7.137619088212954e+00
42.3 2.237501232033837e-03 7.085333887224312e+00
42.4 2.237796858522970e-03 7.032644241737362e+00
42.5 2.238175110964955e-03 6.977221375257793e+00
42.6 2.238805261062875e-03 6.916396237087091e+00
42.7 2.240676640520444e-03 6.858508522776770e+00
42.8 2.259051197840620e-03 7.339096894067013e+00
42.9 2.261066278437395e-03 7.280404543930302e+00
43 2.261694814723743e-03 7.219143985219656e+00
43.1 2.262069828002306e-03 7.163833162622294e+00
43.2 2.262363077948048e-03 7.111538205753265e+00
43.3 2.262642867411724e-03 7.059918153946184e+00
43.4 2.262964788639641e-03 7.006829019764259e+00
43.5 2.263423987992884e-03 6.949840190168434e+00
43.6 2.264343847965030e-03 6.887193817292428e+00
43.7 2.270969637459533e-03 6.965496418833505e+00
43.8 2.285343707842106e-03 7.317679890906478e+00
43.9 2.286384646823513e-03 7.253622517393108e+00
44 2.286865603012877e-03 7.195920741354691e+00
44.1 2.287193275309861e-03 7.142772837689044e+00
44.2 2.287472535669597e-03 7.091585502099909e+00
44.3 2.287759098000119e-03 7.040241104994625e+00
44.4 2.288114059616319e-03 6.986612551238364e+00
44.5 2.288671495380379e-03 6.928245413367423e+00
44.6 2.290047934789265e-03 6.867295501224676e+00
44.7 2.307274468244017e-03 7.322235761773733e+00
44.8 2.310810382687207e-03 7.296451460604120e+00
44.9 2.311563124516322e-03 7.234898941438077e+00
45 2.311974480978246e-03 7.179574323563582e+00
45.1 2.312278042942589e-03 7.127842215037573e+00
45.2 2.312552101312584e-03 7.077385023439657e+00
45.3 2.312848055176236e-03 7.026206420742598e+00
45.4 2.313235059343296e-03 6.972178456834133e+00
45.5 2.313891991515584e-03 6.912995332120056e+00
45.6 2.315909970778437e-03 6.860472666770478e+00
45.7 2.334050392319879e-03 7.338466766536330e+00
45.8 2.336030355753424e-03 7.282516191535148e+00
45.9 2.336662706869774e-03 7.223140390304406e+00
46 2.337039206309313e-03 7.169376271541342e+00
46.1 2.337330361434726e-03 7.118620151176160e+00
46.2 2.337602554592048e-03 7.068732586960574e+00
46.3 2.337905712581651e-03 7.017795572881797e+00
46.4 2.338315385968017e-03 6.963703357399090e+00
46.5 2.339046129869616e-03 6.904410641433866e+00
46.6 2.341708569843457e-03 6.865240875288414e+00
46.7 2.359535875960945e-03 7.335034217488536e+00
46.8 2.361123390505587e-03 7.275641004186441e+00
46.9 2.361706508918707e-03 7.217660831895198e+00
47 2.362067551398174e-03 7.164888766242909e+00
47.1 2.362352840335466e-03 7.114838020171980e+00
47.2 2.362623551114066e-03 7.065480768618071e+00
47.3 2.362928526701247e-03 7.014965234985334e+00
47.4 2.363344795643484e-03 6.961241932517309e+00
47.5 2.364096510999455e-03 6.902446126713837e+00
47.6 2.366946415096354e-03 6.868686704524217e+00
47.7 2.384583569484500e-03 7.334237834600478e+00
47.8 2.386125181273007e-03 7.275364858315681e+00
47.9 2.386703253746952e-03 7.218064132075718e+00
48 2.387062691100885e-03 7.165838726558804e+00
48.1 2.387346634556796e-03 7.116297411829553e+00
48.2 2.387615113881320e-03 7.067477166489193e+00
48.3 2.387915417794252e-03 7.017591046604822e+00
48.4 2.388320116121243e-03 6.964676079349307e+00
48.5 2.389031663070645e-03 6.906866989117180e+00
48.6 2.391438062994977e-03 6.864583831055701e+00
48.7 2.409260968465876e-03 7.336970493939811e+00
48.8 2.411039329994478e-03 7.281434667871693e+00
48.9 2.411653730876081e-03 7.224160577064015e+00
49 2.412025022600544e-03 7.172062784498364e+00
49.1 2.412312238009523e-03 7.122837158185445e+00
49.2 2.412578175551007e-03 7.074543856083380e+00
49.3 2.412868444100604e-03 7.025455902660877e+00
49.4 2.413246853136266e-03 6.973719765933708e+00
49.5 2.413874274171885e-03 6.917397035598171e+00
49.6 2.415610562842072e-03 6.864750198605677e+00
49.7 2.433212827370614e-03 7.334307981687658e+00
49.8 2.435842045424240e-03 7.293772889251194e+00
49.9 2.436551359526020e-03 7.235941964921697e+00
50 2.436952225081006e-03 7.183499415991480e+00
50.1 2.437249366126708e-03 7.134336150191208e+00
50.2 2.437514252495483e-03 7.086490212725724e+00
50.3 2.437791953695455e-03 7.038276042628604e+00
50.4 2.438136335093244e-03 6.987960149123415e+00
50.5 2.438663930292928e-03 6.933609005713377e+00
50.6 2.439845901223120e-03 6.876599446576475e+00
50.7 2.453330018615009e-03 7.215779425455819e+00
50.8 2.460454664638441e-03 7.312138278891424e+00
50.9 2.461377851584212e-03 7.253597734831647e+00
51 2.461837760473294e-03 7.200218232373865e+00
51.1 2.462156043226933e-03 7.150744798489795e+00
51.2 2.462424444574754e-03 7.103151322272216e+00
51.3 2.462690770125592e-03 7.055753961187163e+00
51.4 2.463000791143564e-03 7.006927547228449e+00
51.5 2.463435101492137e-03 6.954854488915333e+00
51.6 2.464241477625493e-03 6.898353816527970e+00
51.7 2.467544511979342e-03 6.880640794090532e+00
51.8 2.484588443812066e-03 7.333275358314139e+00
51.9 2.486087953839671e-03 7.277515928424449e+00
52 2.486666720085605e-03 7.222484157325323e+00
52.1 2.487026680468643e-03 7.172142998859671e+00
52.2 2.487307943860213e-03 7.124445697199110e+00
52.3 2.487568226367550e-03 7.077646363775413e+00
52.4 2.487849463199844e-03 7.030185387896753e+00
52.5 2.488208016071199e-03 6.980410134886485e+00
52.6 2.488775560380742e-03 6.926563475844675e+00
52.7 2.490135663583087e-03 6.872331464610108e+00
52.8 2.505760367754755e-03 7.287390746712108e+00
52.9 2.510549740091222e-03 7.307817547367250e+00
53 2.511404433511855e-03 7.250847046686138e+00
53.1 2.511848064097778e-03 7.198829496356596e+00
53.2 2.512159876100168e-03 7.150451623328211e+00
53.3 2.512424404918158e-03 7.103839424059577e+00
53.4 2.512686779556039e-03 7.057421042990367e+00
53.5 2.512990157013312e-03 7.009679170257785e+00
53.6 2.513408599908310e-03 6.958930261576275e+00
53.7 2.514157817459893e-03 6.903964736314986e+00
53.8 2.516756018328574e-03 6.871084295238158e+00
53.9 2.534131767127327e-03 7.336455336925744e+00
54 2.535956899868616e-03 7.286093573128336e+00
54.1 2.536589215737832e-03 7.231451643904536e+00
54.2 2.536967312121940e-03 7.181512229628815e+00
54.3 2.537254133428766e-03 7.134433803974034e+00
54.4 2.537511705477032e-03 7.088526244106012e+00
54.5 2.537780401502562e-03 7.042316844705476e+00
54.6 2.538107508600498e-03 6.994301691746243e+00
54.7 2.538588694381566e-03 6.942821068995894e+00
54.8 2.539557339454271e-03 6.888037406401171e+00
54.9 2.545348510540148e-03 6.952283646056131e+00
55 2.559947126945770e-03 7.326457035551709e+00
55.1 2.561167410936639e-03 7.271102963917508e+00
55.2 2.561699232634337e-03 7.218391822874327e+00
55.3 2.562043104798990e-03 7.169858078240097e+00
55.4 2.562316683170385e-03 7.123677986129772e+00
55.5 2.562571647842494e-03 7.078289291551441e+00
55.6 2.562846663078865e-03 7.032281058993448e+00
55.7 2.563193289314303e-03 6.984164875921942e+00
55.8 2.563726945056609e-03 6.932367603097682e+00
55.9 2.564906331592978e-03 6.879063358179058e+00
56 2.576652431478906e-03 7.161089267127119e+00
56.1 2.585266181546670e-03 7.317732359970969e+00
56.2 2.586272197944149e-03 7.262451733442999e+00
56.3 2.586757121409092e-03 7.211048468274696e+00
56.4 2.587083860740167e-03 7.163454175693000e+00
56.5 2.587350651569955e-03 7.117926876070579e+00
56.6 2.587604289867310e-03 7.072988776088300e+00
56.7 2.587882612233128e-03 7.027276250910811e+00
56.8 2.588239405521921e-03 6.979331335537616e+00
56.9 2.588800701025756e-03 6.927681331547359e+00
57 2.590099343202498e-03 6.875983460944340e+00
57.1 2.604032092175751e-03 7.237852278226383e+00
57.2 2.610361220313510e-03 7.314324373387027e+00
57.3 2.611302754915001e-03 7.259683464888471e+00
57.4 2.611772436279278e-03 7.209041316760617e+00
57.5 2.612093366034306e-03 7.162037213344771e+00
57.6 2.612357413445392e-03 7.116998074346731e+00
57.7 2.612609487414170e-03 7.072500600085902e+00
57.8 2.612886510941111e-03 7.027224597534448e+00
57.9 2.613241234345644e-03 6.979758772089595e+00
58 2.613796475620402e-03 6.928688799900494e+00
58.1 2.615060059944352e-03 6.877420218800684e+00
58.2 2.628112947475337e-03 7.209036272825543e+00
58.3 2.635289493170676e-03 7.316533787730057e+00
58.4 2.636268046336877e-03 7.262522095507862e+00
58.5 2.636748097791555e-03 7.212154949774875e+00
58.6 2.637072881425482e-03 7.165437028183029e+00
58.7 2.637337614545868e-03 7.120745542023088e+00
58.8 2.637587658903113e-03 7.076687708724556e+00
58.9 2.637858808470035e-03 7.031984501526304e+00
59 2.638199706929229e-03 6.985284544790853e+00
59.1 2.638717547117270e-03 6.935189071493755e+00
59.2 2.639814119167415e-03 6.883474009307133e+00
59.3 2.648061533091698e-03 7.041542719751778e+00
59.4 2.660022439080151e-03 7.323811958598951e+00
59.5 2.661162382772283e-03 7.270864771107958e+00
59.6 2.661682059873182e-03 7.220306349987175e+00
59.7 2.662021693633034e-03 7.173557601428394e+00
59.8 2.662291388539487e-03 7.129050299325843e+00
59.9 2.662539849534596e-03 7.085398107249137e+00
60 2.662802060933418e-03 7.041356024573182e+00
