0.1 1.109788372450275e-04 6.795753556481607e+00
0.2 1.386076463790322e-04 6.410910278821051e+00
0.3 1.844764283974046e-04 7.039201401031886e+00
0.4 2.100223621149745e-04 7.037373124865768e+00
0.5 2.344193799764537e-04 7.090289402809313e+00
0.6 2.561788941279203e-04 7.115271606517973e+00
0.7 2.625795217582620e-04 6.715122682684424e+00
0.8 2.867070842315928e-04 6.916447281757600e+00
0.9 3.098200289209320e-04 7.117244801239391e+00
1 3.129778406061706e-04 6.689605312175663e+00
1.1 3.364905059263537e-04 6.977968948189245e+00
1.2 3.578406356979164e-04 7.184112113876885e+00
1.3 3.620688723242008e-04 6.889545755824084e+00
1.4 3.845285880909871e-04 7.161304518679902e+00
1.5 3.873049490009559e-04 6.852088984689789e+00
1.6 4.098647841664935e-04 7.153219929368110e+00
1.7 4.123183028907668e-04 6.859924772958780e+00
1.8 4.346079074684355e-04 7.172042127057537e+00
1.9 4.371351532837427e-04 6.906234650993603e+00
2 4.585682716828132e-04 7.205539698551769e+00
2.1 4.617641438758737e-04 6.980999222875742e+00
2.2 4.765328029720277e-04 7.033001256298832e+00
2.3 4.861187723023751e-04 7.074014929158505e+00
2.4 4.878114105369183e-04 6.796477973828198e+00
2.5 5.099540030833587e-04 7.171786454508531e+00
2.6 5.120230806780568e-04 6.949053468514689e+00
2.7 5.301528923683758e-04 7.175121769484202e+00
2.8 5.360595170766476e-04 7.091047182401770e+00
2.9 5.375761179093282e-04 6.850696408705399e+00
3 5.590351474299936e-04 7.214557073661078e+00
3.1 5.615613922126524e-04 7.034363187707901e+00
3.2 5.631261224368548e-04 6.775504071588562e+00
3.3 5.848454124498173e-04 7.189640781294127e+00
3.4 5.867843620936234e-04 7.005462146673894e+00
3.5 5.886267511373917e-04 6.734279806352646e+00
3.6 6.100625431171074e-04 7.181845492873880e+00
3.7 6.118231187718903e-04 7.003568118114329e+00
3.8 6.135802714042711e-04 6.743859273187303e+00
3.9 6.349221576488768e-04 7.192602276263703e+00
4 6.367079100449053e-04 7.025613498327119e+00
4.1 6.381037773983287e-04 6.795885708069162e+00
4.2 6.593617900004766e-04 7.217642799989377e+00
4.3 6.614377698496551e-04 7.067037126050439e+00
4.4 6.626328306500013e-04 6.868582346527131e+00
4.5 6.828306622358411e-04 7.239262988711593e+00
4.6 6.859765330772252e-04 7.122573971789897e+00
4.7 6.871978355140625e-04 6.950585571514208e+00
4.8 6.930703603055270e-04 6.736535232653550e+00
4.9 7.101744799184378e-04 7.187190702283672e+00
5 7.116913956844818e-04 7.038435291110428e+00
5.1 7.128544907162973e-04 6.843065857370688e+00
5.2 7.332253883308528e-04 7.242648330314379e+00
5.3 7.359682850294387e-04 7.129036475595004e+00
5.4 7.371172391151346e-04 6.972038498403673e+00
5.5 7.391525083311967e-04 6.734990265073018e+00
5.6 7.596190556600458e-04 7.217851280508851e+00
5.7 7.613663730570340e-04 7.088077561285297e+00
5.8 7.623955394772663e-04 6.925739779043996e+00
5.9 7.742544329921558e-04 6.985002571861941e+00
6 7.851270701596235e-04 7.196598526932557e+00
6.1 7.865596591036780e-04 7.065673624213791e+00
6.2 7.875529471042366e-04 6.901912719917864e+00
6.3 8.041757634262979e-04 7.171702595261670e+00
6.4 8.102822201761287e-04 7.189581695584337e+00
6.5 8.116073411770505e-04 7.061610882279275e+00
6.6 8.125718059677862e-04 6.902097746877917e+00
6.7 8.286017968718146e-04 7.154185761830496e+00
6.8 8.351910892223253e-04 7.196827402102620e+00
6.9 8.365303677143708e-04 7.074499349993344e+00
7 8.374575489415105e-04 6.924504365220728e+00
7.1 8.458251434077771e-04 6.853893136784464e+00
7.2 8.598325349649476e-04 7.216314828617135e+00
7.3 8.613292084767694e-04 7.102021123479523e+00
7.4 8.622440338762989e-04 6.964411981166091e+00
7.5 8.640174427276913e-04 6.761264300722755e+00
7.6 8.840174034089846e-04 7.242582716482843e+00
7.7 8.859785161750425e-04 7.141455693586297e+00
7.8 8.869502482628490e-04 7.016703868226529e+00
7.9 8.879584667953348e-04 6.854496110485528e+00
8 9.066667549516848e-04 7.239794005284969e+00
8.1 9.103856086542636e-04 7.190016042086790e+00
8.2 9.115562515573406e-04 7.077435340427263e+00
8.3 9.124034424059133e-04 6.942016738250809e+00
8.4 9.150669353285372e-04 6.737109263273843e+00
8.5 9.342034633649651e-04 7.240898791914122e+00
8.6 9.359895539789627e-04 7.143952479375031e+00
8.7 9.369128344630760e-04 7.027054476560824e+00
8.8 9.378202754630004e-04 6.878964389563990e+00
8.9 9.543483613629106e-04 7.184597043916621e+00
9 9.600159240901829e-04 7.213656470997348e+00
9.1 9.613151853272836e-04 7.111339732884493e+00
9.2 9.621406007019432e-04 6.991652422378074e+00
9.3 9.632421052106961e-04 6.830993908181497e+00
9.4 9.821622056480420e-04 7.249652846320748e+00
9.5 9.853694712974486e-04 7.195407412001396e+00
9.6 9.864809926214448e-04 7.092852432037298e+00
9.7 9.872654924693136e-04 6.972568085234380e+00
9.8 9.885709655519243e-04 6.804977257720834e+00
9.9 1.007827789073355e-03 7.255648116094180e+00
10 1.010487458206568e-03 7.189077044681577e+00
10.1 1.011529187901236e-03 7.088322944580902e+00
10.2 1.012291228149107e-03 6.970311892164260e+00
10.3 1.013594072803073e-03 6.806051109548817e+00
10.4 1.032695667273795e-03 7.255831930079861e+00
10.5 1.035426152985553e-03 7.194388428340201e+00
10.6 1.036474601594564e-03 7.096964850467227e+00
10.7 1.037222299809979e-03 6.983968036639913e+00
10.8 1.038312165036660e-03 6.832321669509985e+00
10.9 1.056666957642907e-03 7.244854433792926e+00
11 1.060177173720662e-03 7.210174492131543e+00
11.1 1.061317588396838e-03 7.117427291759683e+00
11.2 1.062069663873311e-03 7.011256027882032e+00
11.3 1.062934926585773e-03 6.876409897703176e+00
11.4 1.077661838562315e-03 7.133703911759342e+00
11.5 1.084654629087226e-03 7.234016080005888e+00
11.6 1.086040498478481e-03 7.148061999133516e+00
11.7 1.086839539501458e-03 7.049354156177650e+00
11.8 1.087569778598398e-03 6.930754693080763e+00
11.9 1.090034903713151e-03 6.758138360028372e+00
12 1.108529899918214e-03 7.257195634677468e+00
12.1 1.110585630948161e-03 7.187099181823013e+00
12.2 1.111519318530781e-03 7.095746673339147e+00
12.3 1.112214123168185e-03 6.990877762367188e+00
12.4 1.113167069858816e-03 6.854121792723365e+00
12.5 1.129691907262497e-03 7.200420170547475e+00
12.6 1.134776048882986e-03 7.231301252886309e+00
12.7 1.136061137665764e-03 7.148578755900694e+00
12.8 1.136824930580546e-03 7.054631289695610e+00
12.9 1.137516171726261e-03 6.943160227519702e+00
13 1.139227512062468e-03 6.783879812130888e+00
13.1 1.157805884539010e-03 7.259442988819528e+00
13.2 1.160322843496428e-03 7.206102893890892e+00
13.3 1.161332227109068e-03 7.121167529787382e+00
13.4 1.162022327641473e-03 7.025527447740570e+00
13.5 1.162760708743004e-03 6.908401287404641e+00
13.6 1.167286775585353e-03 6.778844385122902e+00
13.7 1.183723170568970e-03 7.257329245075911e+00
13.8 1.185587232395726e-03 7.190135180371085e+00
13.9 1.186476224502537e-03 7.105216457032904e+00
14 1.187132719140764e-03 7.009220283886678e+00
14.1 1.187918592425922e-03 6.889336130094758e+00
14.2 1.196584948764466e-03 6.913301082521487e+00
14.3 1.209024612207057e-03 7.253726969772869e+00
14.4 1.210681103080490e-03 7.184326909564590e+00
14.5 1.211522582896681e-03 7.100625408404275e+00
14.6 1.212161762261753e-03 7.006011542494705e+00
14.7 1.212947380200819e-03 6.887726069806877e+00
14.8 1.221520518657502e-03 6.912537343781883e+00
14.9 1.233962755473935e-03 7.255323472743568e+00
15 1.235638627386512e-03 7.188387711795079e+00
15.1 1.236482402872444e-03 7.106888852977039e+00
15.2 1.237113266920498e-03 7.015360389024547e+00
15.3 1.237843521216383e-03 6.902883150916318e+00
15.4 1.242481037180411e-03 6.789285485575661e+00
15.5 1.258520754748143e-03 7.260727362832764e+00
15.6 1.260456596983548e-03 7.201556566850144e+00
15.7 1.261356223245977e-03 7.123121160190892e+00
15.8 1.261992920295677e-03 7.035911128197302e+00
15.9 1.262648905377629e-03 6.931854583315422e+00
16 1.264494949824094e-03 6.786003266109987e+00
16.1 1.282385736427976e-03 7.258942444154835e+00
16.2 1.285090540716540e-03 7.222514930646744e+00
16.3 1.286132122024087e-03 7.148203958876959e+00
16.4 1.286803431385567e-03 7.065885720379456e+00
16.5 1.287405612837285e-03 6.970966955009287e+00
16.6 1.288401018740641e-03 6.846680466141050e+00
16.7 1.303732459521458e-03 7.175865640381719e+00
16.8 1.309400402299348e-03 7.248021073540438e+00
16.9 1.310773737680696e-03 7.180906258808104e+00
17 1.311535971345368e-03 7.103559160426411e+00
17.1 1.312127903369505e-03 7.017163877265728e+00
17.2 1.312812660151872e-03 6.912299485860013e+00
17.3 1.315668626933410e-03 6.774491158001937e+00
17.4 1.332862091414358e-03 7.262864759188663e+00
17.5 1.335181683866999e-03 7.219422495525086e+00
17.6 1.336157891134767e-03 7.147556077705687e+00
17.7 1.336802253383622e-03 7.068428755321804e+00
17.8 1.337380982262736e-03 6.977849981286535e+00
17.9 1.338275069181977e-03 6.861685495369245e+00
18 1.350849524971280e-03 7.079533716951065e+00
18.1 1.359026050279357e-03 7.256828828040140e+00
18.2 1.360580362072315e-03 7.196622279158908e+00
18.3 1.361387288040191e-03 7.123684734421738e+00
18.4 1.361977422458797e-03 7.043375697030783e+00
18.5 1.362573879139960e-03 6.949402161035034e+00
18.6 1.363806801895908e-03 6.823486538706867e+00
18.7 1.380212978510461e-03 7.219887979851484e+00
18.8 1.384518642625591e-03 7.246391654433381e+00
18.9 1.385786402154227e-03 7.182366454949937e+00
19 1.386513406602450e-03 7.109510947220884e+00
19.1 1.387077767663239e-03 7.028934288420940e+00
19.2 1.387694206787103e-03 6.933384901484098e+00
19.3 1.389268911781608e-03 6.803421259056305e+00
19.4 1.406281173326750e-03 7.244445850769036e+00
19.5 1.409701308604655e-03 7.241245314562082e+00
19.6 1.410863585935921e-03 7.176957876594301e+00
19.7 1.411557261376204e-03 7.104974017010595e+00
19.8 1.412108357385490e-03 7.025311932792966e+00
19.9 1.412724153152558e-03 6.930708422151914e+00
20 1.414344594869321e-03 6.802547411585287e+00
20.1 1.431240066918079e-03 7.243957119643964e+00
20.2 1.434666568577946e-03 7.242882222481086e+00
20.3 1.435833697786204e-03 7.180137118819794e+00
20.4 1.436527140314637e-03 7.109726276639051e+00
20.5 1.437072194150583e-03 7.032161784379150e+00
20.6 1.437661391007469e-03 6.941000602513668e+00
20.7 1.438984697474365e-03 6.819296681284756e+00
20.8 1.455110327117646e-03 7.218329802581248e+00
20.9 1.459411122446059e-03 7.250635608150523e+00
21 1.460695863940816e-03 7.191365551091343e+00
21.1 1.461423815549779e-03 7.123138236953230e+00
21.2 1.461972995822513e-03 7.048583240160307e+00
21.3 1.462523552468524e-03 6.962639139747534e+00
21.4 1.463489421778002e-03 6.852008322447689e+00
21.5 1.476099047228292e-03 7.091976018351349e+00
21.6 1.483834035341208e-03 7.261458379585079e+00
21.7 1.485425386718999e-03 7.209813209485815e+00
21.8 1.486239502569017e-03 7.144389762245693e+00
21.9 1.486812521313828e-03 7.073342297223556e+00
22 1.487332798330604e-03 6.993390611992918e+00
22.1 1.488043082971551e-03 6.895399878108107e+00
22.2 1.491806180379736e-03 6.795819451925668e+00
22.3 1.507565571101694e-03 7.263327615572728e+00
22.4 1.509951419017847e-03 7.233923223218312e+00
22.5 1.510950774765943e-03 7.172567815125694e+00
22.6 1.511584826192127e-03 7.105171002104134e+00
22.7 1.512100219819064e-03 7.031125928228054e+00
22.8 1.512665092333404e-03 6.944646117765073e+00
22.9 1.513850432673424e-03 6.831417235094572e+00
23 1.528598320972712e-03 7.176019860585908e+00
23.1 1.534067382298218e-03 7.258832879981034e+00
23.2 1.535498542453059e-03 7.206520724633203e+00
23.3 1.536267794403968e-03 7.142986478125830e+00
23.4 1.536819813229863e-03 7.074227863848896e+00
23.5 1.537323676829664e-03 6.997196145603930e+00
23.6 1.537994500667222e-03 6.903831980307581e+00
23.7 1.540706642700121e-03 6.790804191219493e+00
23.8 1.556915243584048e-03 7.256652961917720e+00
23.9 1.559719675504091e-03 7.243337960231020e+00
24 1.560804408658194e-03 7.185833155399232e+00
24.1 1.561464611970588e-03 7.121684568997185e+00
24.2 1.561977565865593e-03 7.052000427267878e+00
24.3 1.562491234203917e-03 6.972606152658954e+00
24.4 1.563307364797597e-03 6.873448905027163e+00
24.5 1.570143668964271e-03 6.884352032656770e+00
24.6 1.582987216562367e-03 7.266135662187055e+00
24.7 1.585038499593728e-03 7.231628443210937e+00
24.8 1.585970338028835e-03 7.172898237701922e+00
24.9 1.586576153342085e-03 7.108822177941614e+00
25 1.587070130277568e-03 7.038896525920009e+00
25.1 1.587595750517547e-03 6.958411061930377e+00
25.2 1.588536901352041e-03 6.856271635154361e+00
25.3 1.598683364258873e-03 7.009790758431382e+00
25.4 1.608369190649019e-03 7.266234174513542e+00
25.5 1.610165140407544e-03 7.226308324355236e+00
25.6 1.611035448188088e-03 7.167800339038039e+00
25.7 1.611617438512533e-03 7.104370133979376e+00
25.8 1.612101390644493e-03 7.035081441052279e+00
25.9 1.612626753277807e-03 6.955201672852299e+00
26 1.613592037532681e-03 6.853799938738921e+00
26.1 1.623969820749674e-03 7.020995451372673e+00
26.2 1.633353250402301e-03 7.266502163440626e+00
26.3 1.635144227994342e-03 7.227733884506995e+00
26.4 1.636014270558029e-03 7.170322418584654e+00
26.5 1.636594665510614e-03 7.108078907217657e+00
26.6 1.637073607397097e-03 7.040319845190083e+00
26.7 1.637582403370708e-03 6.962752109258623e+00
26.8 1.638452429035168e-03 6.865616850672016e+00
26.9 1.646121090924686e-03 6.920364327908036e+00
27 1.657948018976699e-03 7.266634030943418e+00
27.1 1.659975934287160e-03 7.235483027400853e+00
27.2 1.660907011295950e-03 7.180059798445585e+00
27.3 1.661508775508224e-03 7.119474886901090e+00
27.4 1.661989578542926e-03 7.053965963684844e+00
27.5 1.662472799705830e-03 6.980017268415836e+00
27.6 1.663193335416848e-03 6.889757892093533e+00
27.7 1.666790319349143e-03 6.806356907041536e+00
27.8 1.681909589492935e-03 7.257510096179190e+00
27.9 1.684616844585268e-03 7.248317729110404e+00
28 1.685699287965107e-03 7.196429650940365e+00
28.1 1.686354859325899e-03 7.137922233158257e+00
28.2 1.686850956984420e-03 7.075100840711791e+00
28.3 1.687312437247147e-03 7.005467613380864e+00
28.4 1.687897889260907e-03 6.923230575025389e+00
28.5 1.689417089224075e-03 6.818000583896959e+00
28.6 1.704115803922888e-03 7.193881637160072e+00
28.7 1.708934137343541e-03 7.262690296272869e+00
28.8 1.710351700043463e-03 7.218529455609502e+00
28.9 1.711117760738326e-03 7.162704668823093e+00
29 1.711654159941868e-03 7.102736305421030e+00
29.1 1.712110309453981e-03 7.037525431423161e+00
29.2 1.712604018307047e-03 6.963116460333338e+00
29.3 1.713437428673374e-03 6.870950221913471e+00
29.4 1.719490059161523e-03 6.871231599098685e+00
29.5 1.732486145113766e-03 7.264407019316451e+00
29.6 1.734764476462141e-03 7.244321206425654e+00
29.7 1.735760924490426e-03 7.193002766167475e+00
29.8 1.736384424372238e-03 7.135983723234826e+00
29.9 1.736864001082496e-03 7.074881297606712e+00
30 1.737313278152881e-03 7.007344501694110e+00
30.1 1.737877726703723e-03 6.928119338918074e+00
30.2 1.739225124744146e-03 6.827500855104912e+00
30.3 1.752768154896189e-03 7.153231294702586e+00
30.4 1.758636480874595e-03 7.266069310457816e+00
30.5 1.760194558590523e-03 7.227340297997910e+00
30.6 1.761004484641974e-03 7.174071934564917e+00
30.7 1.761555621055778e-03 7.116624324718304e+00
30.8 1.762007849537178e-03 7.054731863988855e+00
30.9 1.762465518271883e-03 6.985381002503421e+00
31 1.763120125762704e-03 6.902229365720816e+00
31.1 1.765419302382850e-03 6.805120702028612e+00
31.2 1.780506306058299e-03 7.231249418436236e+00
31.3 1.784152798088376e-03 7.260053685148456e+00
31.4 1.785422327313076e-03 7.215836914230467e+00
31.5 1.786141738575756e-03 7.162174158591156e+00
31.6 1.786655338177771e-03 7.104762846141610e+00
31.7 1.787094240838484e-03 7.042628243948480e+00
31.8 1.787561550327285e-03 6.972425263443750e+00
31.9 1.788290245433602e-03 6.887225412148554e+00
32 1.791710194516188e-03 6.812141196379921e+00
32.1 1.806373897065694e-03 7.249528153996446e+00
32.2 1.809361144625836e-03 7.256194698177319e+00
32.3 1.810517331011712e-03 7.210653737461598e+00
32.4 1.811197875481266e-03 7.157319241375262e+00
32.5 1.811694268811718e-03 7.100395704867831e+00
32.6 1.812125795085323e-03 7.038717141871427e+00
32.7 1.812593631684070e-03 6.968916199486929e+00
32.8 1.813340163433926e-03 6.884116246155444e+00
32.9 1.817008070031758e-03 6.817559131694712e+00
33 1.831420137212503e-03 7.250483788433512e+00
33.1 1.834354622449181e-03 7.256558741596441e+00
33.2 1.835504509242136e-03 7.211826449220387e+00
33.3 1.836182897943861e-03 7.159330460948114e+00
33.4 1.836677021938306e-03 7.103339308005786e+00
33.5 1.837104103767260e-03 7.042834040366170e+00
33.6 1.837559990291379e-03 6.974710680673986e+00
33.7 1.838256618578751e-03 6.892711394769741e+00
33.8 1.841054363478782e-03 6.809019118519224e+00
33.9 1.855720233551257e-03 7.236559694371633e+00
34 1.859138723201283e-03 7.260891335174644e+00
34.1 1.860385020369723e-03 7.219048082952893e+00
34.2 1.861097498444211e-03 7.167890135751135e+00
34.3 1.861604629443256e-03 7.113222219171524e+00
34.4 1.862031466781896e-03 7.054489681252109e+00
34.5 1.862467493592682e-03 6.989070273995877e+00
34.6 1.863074403826933e-03 6.911731897109139e+00
34.7 1.864799135223623e-03 6.817981551333539e+00
34.8 1.878657381032259e-03 7.182171084186055e+00
34.9 1.883640259817982e-03 7.266836736784889e+00
35 1.885137224862110e-03 7.231667757806152e+00
35.1 1.885933088063125e-03 7.182554446289386e+00
35.2 1.886474184077498e-03 7.129530016328568e+00
35.3 1.886909730371021e-03 7.072962472462743e+00
35.4 1.887327129273745e-03 7.010862831418922e+00
35.5 1.887842764460968e-03 6.939188880607803e+00
35.6 1.888887732693899e-03 6.850617997545925e+00
35.7 1.897441494106842e-03 6.974856726136094e+00
35.8 1.907613459460160e-03 7.266235190489820e+00
35.9 1.909700238200697e-03 7.248251333377834e+00
36 1.910666429176168e-03 7.202716151017405e+00
36.1 1.911275963283755e-03 7.151674527561820e+00
36.2 1.911737211051356e-03 7.097446614853568e+00
36.3 1.912146943834196e-03 7.038854300029878e+00
36.4 1.912593405500401e-03 6.972985603361462e+00
36.5 1.913279379971570e-03 6.894191601997541e+00
36.6 1.915824769131299e-03 6.812132397223151e+00
36.7 1.930104912003172e-03 7.222451788026645e+00
36.8 1.933911803463947e-03 7.264593078782156e+00
36.9 1.935243433180634e-03 7.227324444788520e+00
37 1.935986800504656e-03 7.179019180768814e+00
37.1 1.936504365731888e-03 7.127187312987220e+00
37.2 1.936926916742867e-03 7.071952933228342e+00
37.3 1.937335093394197e-03 7.011426709797552e+00
37.4 1.937838087034278e-03 6.941872303040711e+00
37.5 1.938821319408396e-03 6.856649244388801e+00
37.6 1.945953532108378e-03 6.926113317638698e+00
37.7 1.957224741572867e-03 7.262782156367711e+00
37.8 1.959527519014317e-03 7.253501816872019e+00
37.9 1.960553761370484e-03 7.210678588387953e+00
38 1.961186619662982e-03 7.161530627669682e+00
38.1 1.961655411920639e-03 7.109338970769096e+00
38.2 1.962059725509564e-03 7.053387696707829e+00
38.3 1.962477368310139e-03 6.991365251904206e+00
38.4 1.963048794545221e-03 6.918871246396028e+00
38.5 1.964467662783772e-03 6.831004177871623e+00
38.6 1.976257598210442e-03 7.107392554100146e+00
38.7 1.983075479967955e-03 7.268626337096249e+00
38.8 1.984843247999168e-03 7.244301109920704e+00
38.9 1.985727038815981e-03 7.199718980742862e+00
39 1.986302837410985e-03 7.150459057418713e+00
39.1 1.986745641389094e-03 7.098259520421625e+00
39.2 1.987141301367100e-03 7.042053638766620e+00
39.3 1.987568531159233e-03 6.979308552926044e+00
39.4 1.988195222712501e-03 6.905273546374353e+00
39.5 1.990051457605941e-03 6.820071740890627e+00
39.6 2.003268987101845e-03 7.171650688430441e+00
39.7 2.008415317245992e-03 7.268520986281549e+00
39.8 2.009979352924593e-03 7.239574350844145e+00
39.9 2.010802208472822e-03 7.194734298696512e+00
40 2.011352202531733e-03 7.145794955537960e+00
40.1 2.011782565640122e-03 7.093966721063171e+00
40.2 2.012173062566882e-03 7.038090406266420e+00
40.3 2.012601817432189e-03 6.975613430049809e+00
40.4 2.013244223155271e-03 6.901809002326005e+00
40.5 2.015228113034742e-03 6.819253062073483e+00
40.6 2.028499911711347e-03 7.178799684150596e+00
40.7 2.033435502907538e-03 7.268547387174001e+00
40.8 2.034977455543143e-03 7.239877339509128e+00
40.9 2.035794519633395e-03 7.195664509106725e+00
41 2.036341741254529e-03 7.147396610368390e+00
41.1 2.036769559905908e-03 7.096324003332990e+00
41.2 2.037155991876643e-03 7.041382063010714e+00
41.3 2.037575289709215e-03 6.980189093324945e+00
41.4 2.038185063094243e-03 6.908374508568485e+00
41.5 2.039876857602928e-03 6.825099253954125e+00
41.6 2.052277347336697e-03 7.141326300305733e+00
41.7 2.058155794333222e-03 7.268962555314467e+00
41.8 2.059841412087508e-03 7.244999069336068e+00
41.9 2.060705348752918e-03 7.202269100754036e+00
42 2.061272340417778e-03 7.155006319592431e+00
42.1 2.061707684599073e-03 7.105030770369779e+00
42.2 2.062092083858151e-03 7.051542498502771e+00
42.3 2.062494155862985e-03 6.992480748855817e+00
42.4 2.063038879656742e-03 6.924085049463928e+00
42.5 2.064274502888055e-03 6.841952565274173e+00
42.6 2.073469677750800e-03 7.015043052350848e+00
42.7 2.082458430442419e-03 7.265469225439825e+00
42.8 2.084541092372553e-03 7.254032429917347e+00
42.9 2.085522957313715e-03 7.214133603339633e+00
43 2.086138852316160e-03 7.168265420411813e+00
43.1 2.086595441775476e-03 7.119656568219078e+00
43.2 2.086983478726842e-03 7.067981530922472e+00
43.3 2.087367672701197e-03 7.011602569742731e+00
43.4 2.087840761269895e-03 6.947504825144427e+00
43.5 2.088698529248767e-03 6.870689308122841e+00
43.6 2.093078648006906e-03 6.850234506779826e+00
43.7 2.105908152542328e-03 7.241569101313848e+00
43.8 2.108987314563718e-03 7.264524379900742e+00
43.9 2.110215453394541e-03 7.230525400618130e+00
44 2.110927092744807e-03 7.186716120319279e+00
44.1 2.111426779077717e-03 7.139700259212795e+00
44.2 2.111830019708614e-03 7.090018184904116e+00
44.3 2.112203623579982e-03 7.036546444931870e+00
44.4 2.112617790034865e-03 6.977021026563820e+00
44.5 2.113228487438315e-03 6.907426970140541e+00
44.6 2.114897317101756e-03 6.828144684123799e+00
44.7 2.126607897034335e-03 7.120796265781671e+00
44.8 2.132928330797053e-03 7.268612126017139e+00
44.9 2.134707565139304e-03 7.249788157199800e+00
45 2.135605556888292e-03 7.209709517674009e+00
45.1 2.136186886712836e-03 7.164632975837533e+00
45.2 2.136625944177510e-03 7.116992557985327e+00
45.3 2.137003852561018e-03 7.066375191244170e+00
45.4 2.137381189483151e-03 7.011213943761577e+00
45.5 2.137846556184062e-03 6.948684473552326e+00
45.6 2.138676095299500e-03 6.874223578310643e+00
45.7 2.142518069383081e-03 6.840778065254145e+00
45.8 2.155421959445844e-03 7.231024834725820e+00
45.9 2.158801141264160e-03 7.266728838986156e+00
46 2.160102909006882e-03 7.235926835824785e+00
46.1 2.160843135660606e-03 7.193837816186118e+00
46.2 2.161355097868870e-03 7.148327515859893e+00
46.3 2.161761249709061e-03 7.100342931278829e+00
46.4 2.162128131917422e-03 7.049046975951219e+00
46.5 2.162517139396847e-03 6.992584346986174e+00
46.6 2.163041877502123e-03 6.927698943503861e+00
46.7 2.164160372175252e-03 6.850674492069849e+00
46.8 2.171295844067675e-03 6.944185174612602e+00
46.9 2.181794582993185e-03 7.257630726882697e+00
47 2.184232898746189e-03 7.261129963677735e+00
47.1 2.185321141913155e-03 7.226151172683473e+00
47.2 2.185981062055215e-03 7.183457482793022e+00
47.3 2.186455650885760e-03 7.137920998657459e+00
47.4 2.186844012320009e-03 7.089883814214794e+00
47.5 2.187206157691489e-03 7.038315385703868e+00
47.6 2.187605807021891e-03 6.981203784733331e+00
47.7 2.188178176260977e-03 6.915078077100135e+00
47.8 2.189565515897570e-03 6.838479647360838e+00
47.9 2.198953991523369e-03 7.034261896707267e+00
48 2.207330404714486e-03 7.264434301440517e+00
48.1 2.209422429207076e-03 7.257511108830391e+00
48.2 2.210419516932246e-03 7.221294934358408e+00
48.3 2.211042960772945e-03 7.178664072883548e+00
48.4 2.211499886398936e-03 7.133406446203921e+00
48.5 2.211879350303040e-03 7.085651242850111e+00
48.6 2.212238233568921e-03 7.034319010318630e+00
48.7 2.212640562343293e-03 6.977381116991749e+00
48.8 2.213228413580630e-03 6.911386704464040e+00
48.9 2.214705807237863e-03 6.836173665302988e+00
49 2.224524617138714e-03 7.054142038460564e+00
49.1 2.232396867664117e-03 7.265123039849069e+00
49.2 2.234435921814103e-03 7.257328991618859e+00
49.3 2.235420232609512e-03 7.221493268211631e+00
49.4 2.236038714796041e-03 7.179374601742275e+00
49.5 2.236492787239189e-03 7.134671695043803e+00
49.6 2.236869657902571e-03 7.087543827264784e+00
49.7 2.237224775533675e-03 7.036977303592090e+00
49.8 2.237619144817031e-03 6.981061264663512e+00
49.9 2.238182670479638e-03 6.916564256606025e+00
50 2.239507221282945e-03 6.842141371939136e+00
50.1 2.247984577464105e-03 7.002271052566266e+00
50.2 2.257043673347202e-03 7.261166458689704e+00
50.3 2.259282265294157e-03 7.260540024680481e+00
50.4 2.260326135587394e-03 7.226568412901480e+00
50.5 2.260969659215086e-03 7.185392238490799e+00
50.6 2.261435288755448e-03 7.141502420549860e+00
50.7 2.261815981732265e-03 7.095312287261744e+00
50.8 2.262167569885696e-03 7.045975963786923e+00
50.9 2.262545808712537e-03 6.991808744388911e+00
51 2.263055997440049e-03 6.929961287424319e+00
51.1 2.264097712607354e-03 6.857406685956933e+00
51.2 2.269812405701807e-03 6.901370215498777e+00
51.3 2.281096696226297e-03 7.245713024536419e+00
51.4 2.283922265128315e-03 7.265871767068194e+00
51.5 2.285122639411020e-03 7.236058659942242e+00
51.6 2.285829122004075e-03 7.196414015627248e+00
51.7 2.286324384176822e-03 7.153595885603073e+00
51.8 2.286717836577539e-03 7.108586474862890e+00
51.9 2.287069083092446e-03 7.060816560120669e+00
52 2.287428983325788e-03 7.008901173189612e+00
52.1 2.287876764017023e-03 6.950482675290601e+00
52.2 2.288647956509137e-03 6.882070974708860e+00
52.3 2.291511457317058e-03 6.832335327321495e+00
52.4 2.303863332371658e-03 7.191112011306603e+00
52.5 2.308233279570355e-03 7.269477024892332e+00
52.6 2.309768788439717e-03 7.248967160284540e+00
52.7 2.310599011176427e-03 7.211984966441359e+00
52.8 2.311151305432283e-03 7.170577455976259e+00
52.9 2.311571726002248e-03 7.126926507392914e+00
53 2.311930410952149e-03 7.080906811901362e+00
53.1 2.312276612133496e-03 7.031486069780473e+00
53.2 2.312669612217393e-03 6.976830566604617e+00
53.3 2.313241664454492e-03 6.913948417469332e+00
53.4 2.314598373248666e-03 6.842778109438715e+00
53.5 2.322754754856755e-03 6.996120997821948e+00
53.6 2.331852289789651e-03 7.258617354730291e+00
53.7 2.334165787117045e-03 7.262770205046621e+00
53.8 2.335239500213575e-03 7.231292104737660e+00
53.9 2.335896885216680e-03 7.191980774805683e+00
54 2.336368289101653e-03 7.149870748212420e+00
54.1 2.336748604301991e-03 7.105655599668645e+00
54.2 2.337092124500136e-03 7.058738055300719e+00
54.3 2.337447211402856e-03 7.007785255128244e+00
54.4 2.337890817402471e-03 6.950567790959616e+00
54.5 2.338649434341215e-03 6.883894624934898e+00
54.6 2.341320595437155e-03 6.832666911016391e+00
54.7 2.353328948860340e-03 7.175977641091199e+00
54.8 2.358043911847031e-03 7.269266044116637e+00
54.9 2.359659564742511e-03 7.252363984043193e+00
55 2.360520467734508e-03 7.217075716421921e+00
55.1 2.361086891027344e-03 7.176933787966793e+00
55.2 2.361513280368348e-03 7.134537504017720e+00
55.3 2.361871817167531e-03 7.089968950975483e+00
55.4 2.362210192661199e-03 7.042390309705811e+00
55.5 2.362579820248498e-03 6.990260382965332e+00
55.6 2.363080099744401e-03 6.931065572724527e+00
55.7 2.364072249772301e-03 6.862432416038362e+00
55.8 2.368845720201995e-03 6.878254145387339e+00
55.9 2.380385866241807e-03 7.230722134045966e+00
56 2.383614179921934e-03 7.268567362991591e+00
56.1 2.384929103934449e-03 7.244106074851293e+00
56.2 2.385683250803575e-03 7.207430933884806e+00
56.3 2.386200682634199e-03 7.167081953175145e+00
56.4 2.386602118417997e-03 7.124669579855046e+00
56.5 2.386948901498931e-03 7.080005863616694e+00
56.6 2.387285924940088e-03 7.032134397004588e+00
56.7 2.387667954468400e-03 6.979398693142924e+00
56.8 2.388213671900102e-03 6.919162964387074e+00
56.9 2.389416551911342e-03 6.850748001176417e+00
57 2.395908574342361e-03 6.937884351106296e+00
57.1 2.406174909185899e-03 7.247337305509466e+00
57.2 2.408867320263439e-03 7.266696916795880e+00
57.3 2.410053977187688e-03 7.239628023621056e+00
57.4 2.410759228064073e-03 7.202649688566556e+00
57.5 2.411253340545271e-03 7.162453729736874e+00
57.6 2.411642508126236e-03 7.120270946970840e+00
57.7 2.411983121852057e-03 7.075818410359942e+00
57.8 2.412318577032951e-03 7.028111135023581e+00
57.9 2.412704608625511e-03 6.975479296748705e+00
58 2.413266806734619e-03 6.915315071731451e+00
58.1 2.414548135922013e-03 6.847950531123844e+00
58.2 2.421496624017099e-03 6.957058578499731e+00
58.3 2.431310405331098e-03 7.249851665873286e+00
58.4 2.433901393277942e-03 7.266396269217297e+00
58.5 2.435064802073089e-03 7.239344951649897e+00
58.6 2.435761559354368e-03 7.202733591622845e+00
58.7 2.436251510372679e-03 7.162968410398362e+00
58.8 2.436637971258069e-03 7.121254251761683e+00
58.9 2.436976068266978e-03 7.077332587675561e+00
59 2.437308017948357e-03 7.030266984452988e+00
59.1 2.437687059191913e-03 6.978472635634369e+00
59.2 2.438229444978975e-03 6.919481412430252e+00
59.3 2.439408119483168e-03 6.852896651476550e+00
59.4 2.445445177734495e-03 6.925009735017595e+00
59.5 2.455890791776998e-03 7.241784161597900e+00
59.6 2.458732928913651e-03 7.267899757746086e+00
59.7 2.459966649304913e-03 7.243155339184181e+00
59.8 2.460692415033868e-03 7.207530779841035e+00
59.9 2.461196400867536e-03 7.168460395050973e+00
60 2.461589419144995e-03 7.127437774786340e+00
