0.1 1.118942781474701e-04 6.663970837847896e+00
0.2 1.615021389630691e-04 6.911018245853969e+00
0.3 1.871704915468384e-04 6.777047781146359e+00
0.4 2.125169812347940e-04 6.726754620371880e+00
0.5 2.375986221456290e-04 6.742204866032954e+00
0.6 2.624381887372403e-04 6.809399411253334e+00
0.7 2.871872448780747e-04 6.905120986431166e+00
0.8 3.118273623375107e-04 7.024758207743227e+00
0.9 3.354535824520697e-04 7.209197238897358e+00
1 3.377297015862218e-04 6.806884480159844e+00
1.1 3.620796217297632e-04 6.992512030687622e+00
1.2 3.855868032027502e-04 7.222688959692708e+00
1.3 3.875669143051108e-04 6.874106519416666e+00
1.4 4.117685671839604e-04 7.093247497689203e+00
1.5 4.131259954940527e-04 6.782559173896395e+00
1.6 4.370482058384465e-04 7.037989853735685e+00
1.7 4.389375648012951e-04 6.715932431622090e+00
1.8 4.621577818051713e-04 7.018726323129690e+00
1.9 4.644923010505504e-04 6.699173865520688e+00
2 4.871600154090557e-04 7.027100171885069e+00
2.1 4.889052011314690e-04 6.736933066910957e+00
2.2 5.120666815973704e-04 7.059363847697718e+00
2.3 5.132423877928303e-04 6.806533725596144e+00
2.4 5.368586549878229e-04 7.114273900935729e+00
2.5 5.377947348993377e-04 6.886083493708668e+00
2.6 5.613826952588634e-04 7.197841235820961e+00
2.7 5.624566462621349e-04 6.971154190674420e+00
2.8 5.792168299315055e-04 7.199069115689360e+00
2.9 5.871192764966673e-04 7.065615434734188e+00
3 5.880836811639714e-04 6.850363060733460e+00
3.1 6.115522988143626e-04 7.183453509695161e+00
3.2 6.124759682569224e-04 6.979189262315065e+00
3.3 6.154563944199637e-04 6.724588737439433e+00
3.4 6.369906202656847e-04 7.106419173027032e+00
3.5 6.377805943938218e-04 6.915578040380787e+00
3.6 6.605920668406743e-04 7.279279495829696e+00
3.7 6.621950553016790e-04 7.061931539673161e+00
3.8 6.630595251145742e-04 6.871841150410758e+00
3.9 6.862356061271842e-04 7.232839791469689e+00
4 6.872994844473955e-04 7.039954460521710e+00
4.1 6.882483823250259e-04 6.850599613091338e+00
4.2 7.113807228897364e-04 7.219357647310331e+00
4.3 7.123277205003200e-04 7.037122017379912e+00
4.4 7.132606529307897e-04 6.853925717328007e+00
4.5 7.363082671892915e-04 7.230196518680300e+00
4.6 7.372868474331910e-04 7.051476449215903e+00
4.7 7.381078731254672e-04 6.879295478377731e+00
4.8 7.609583880745955e-04 7.264742795665931e+00
4.9 7.621799314879262e-04 7.081465116267353e+00
5 7.628808765637342e-04 6.920899449499424e+00
5.1 7.844363625656033e-04 7.324138174407290e+00
5.2 7.869954511794665e-04 7.126650808335960e+00
5.3 7.876399202403107e-04 6.973836790189624e+00
5.4 7.894730357030189e-04 6.778082011655451e+00
5.5 8.116674969707179e-04 7.189546006178002e+00
5.6 8.123918971412412e-04 7.036130936568235e+00
5.7 8.132161193286021e-04 6.876657517133570e+00
5.8 8.357989922331209e-04 7.281198571767622e+00
5.9 8.370994101549994e-04 7.109221785049186e+00
6 8.377121981389678e-04 6.965584114778967e+00
6.1 8.396852905192731e-04 6.778640371983295e+00
6.2 8.616223361260880e-04 7.200323721442006e+00
6.3 8.623430200549492e-04 7.054291840817775e+00
6.4 8.630423310567638e-04 6.908846452304779e+00
6.5 8.843943099285962e-04 7.329575305966688e+00
6.6 8.869117828472951e-04 7.153131375806677e+00
6.7 8.875110516467316e-04 7.016944577499003e+00
6.8 8.883935401381301e-04 6.865903882246014e+00
6.9 9.107963144172335e-04 7.285273251319569e+00
7 9.120533414204765e-04 7.126352002578667e+00
7.1 9.126202944495557e-04 6.995015185899607e+00
7.2 9.136994444625532e-04 6.839954187400522e+00
7.3 9.361037887055906e-04 7.263642492053676e+00
7.4 9.371126076477270e-04 7.115551096026211e+00
7.5 9.376668892682028e-04 6.987774523853982e+00
7.6 9.388155165355640e-04 6.834072217749084e+00
7.7 9.611276979935234e-04 7.262677081022783e+00
7.8 9.621069209539905e-04 7.118784689434541e+00
7.9 9.626486125976435e-04 6.994444078988995e+00
8 9.636761646145628e-04 6.847961236651537e+00
8.1 9.859197099044471e-04 7.280107013069423e+00
8.2 9.870390256571243e-04 7.135041027650685e+00
8.3 9.875723559516496e-04 7.013764789644220e+00
8.4 9.883937063639963e-04 6.878039692204642e+00
8.5 1.010222927947859e-03 7.316310152909923e+00
8.6 1.011898679710626e-03 7.164093589527379e+00
8.7 1.012448748553431e-03 7.044335573988207e+00
8.8 1.013091359143000e-03 6.919499592351126e+00
8.9 1.025299863738853e-03 7.082868408922906e+00
9 1.036644025954059e-03 7.207117451047337e+00
9.1 1.037281179470881e-03 7.085281266330984e+00
9.2 1.037813446475170e-03 6.968775203266608e+00
9.3 1.039170142753010e-03 6.823429339122373e+00
9.4 1.061102429441420e-03 7.268521965290657e+00
9.5 1.062052464683222e-03 7.137021992756450e+00
9.6 1.062555468959858e-03 7.024448134276993e+00
9.7 1.063260281259918e-03 6.901617516709639e+00
9.8 1.083022020569919e-03 7.331746961135449e+00
9.9 1.086688960834232e-03 7.202628776084058e+00
10 1.087288561494332e-03 7.087181414477814e+00
10.1 1.087798473046986e-03 6.976302548995755e+00
10.2 1.088945286952098e-03 6.841416882252740e+00
10.3 1.110801647820094e-03 7.291701525774421e+00
10.4 1.111947567713254e-03 7.160229366699668e+00
10.5 1.112451747028307e-03 7.051748859710218e+00
10.6 1.113022709518340e-03 6.939707771023634e+00
10.7 1.115328473451231e-03 6.797952466633779e+00
10.8 1.136297626996639e-03 7.252656374141713e+00
10.9 1.137088816611486e-03 7.133661869343758e+00
11 1.137563352660146e-03 7.028749548407347e+00
11.1 1.138208254662628e-03 6.915305725558882e+00
11.2 1.145740962561310e-03 6.913265410977075e+00
11.3 1.161487174434211e-03 7.232364353290546e+00
11.4 1.162160463820515e-03 7.119950481225201e+00
11.5 1.162624702385656e-03 7.017458441527255e+00
11.6 1.163315168288045e-03 6.904162418070407e+00
11.7 1.180032699241602e-03 7.261602841042414e+00
11.8 1.186538546215317e-03 7.226698549628940e+00
11.9 1.187177178918410e-03 7.117680111631333e+00
12 1.187633817226600e-03 7.017382088190436e+00
12.1 1.188312644396380e-03 6.906578075750097e+00
12.2 1.202025677037708e-03 7.155831253087812e+00
12.3 1.211484901173710e-03 7.233962906750342e+00
12.4 1.212143344702449e-03 7.126037115845554e+00
12.5 1.212592493089517e-03 7.027852722658142e+00
12.6 1.213208652462301e-03 6.921560606368730e+00
12.7 1.216930303952846e-03 6.812443994396186e+00
12.8 1.236308051102048e-03 7.253945136930903e+00
12.9 1.237057350034347e-03 7.144578803223395e+00
13 1.237506463150522e-03 7.048032002544380e+00
13.1 1.238041191934378e-03 6.947175560809790e+00
13.2 1.239681858482062e-03 6.821325288136316e+00
13.3 1.260904335626430e-03 7.287836063708723e+00
13.4 1.261907766739280e-03 7.173366724885747e+00
13.5 1.262380609566756e-03 7.077173739337105e+00
13.6 1.262846214115374e-03 6.981360498895739e+00
13.7 1.263775198715966e-03 6.868432333056093e+00
13.8 1.284665977048324e-03 7.334612048895752e+00
13.9 1.286657120725441e-03 7.213455623033035e+00
14 1.287211934485422e-03 7.115016333023249e+00
14.1 1.287640810650485e-03 7.022652623609297e+00
14.2 1.288250972158263e-03 6.921882689065620e+00
14.3 1.291412160091491e-03 6.812093189186591e+00
14.4 1.311172056853372e-03 7.267962020191202e+00
14.5 1.311978483820371e-03 7.162294037241796e+00
14.6 1.312422736761791e-03 7.070580666215468e+00
14.7 1.312884626143889e-03 6.978003763739800e+00
14.8 1.313820989083857e-03 6.868799220571334e+00
14.9 1.334473145777850e-03 7.337482492569237e+00
15 1.336604015130436e-03 7.221732981039300e+00
15.1 1.337169210147087e-03 7.125973136669108e+00
15.2 1.337585063679287e-03 7.037158686954021e+00
15.3 1.338121087005956e-03 6.942638082535579e+00
15.4 1.339765645176702e-03 6.826543043870210e+00
15.5 1.360722258031199e-03 7.300151708708510e+00
15.6 1.361814666994231e-03 7.191711782638150e+00
15.7 1.362291930102893e-03 7.101227391713744e+00
15.8 1.362707713491224e-03 7.013785324660038e+00
15.9 1.363333831633928e-03 6.917204496103528e+00
16 1.366719680837540e-03 6.820461867105586e+00
16.1 1.386096819989786e-03 7.275169084273181e+00
16.2 1.386924967806014e-03 7.173995983980411e+00
16.3 1.387365105627860e-03 7.086628503508480e+00
16.4 1.387786803427988e-03 7.000210717463419e+00
16.5 1.388484447498852e-03 6.902733118112774e+00
16.6 1.396306499414558e-03 6.947824313888519e+00
16.7 1.411231126357663e-03 7.263933360462294e+00
16.8 1.411969786245644e-03 7.166752920079526e+00
16.9 1.412394446616966e-03 7.081431965265962e+00
17 1.412816153567197e-03 6.996299066914219e+00
17.1 1.413531233815008e-03 6.899815057648946e+00
17.2 1.422869491355521e-03 7.006655134891394e+00
17.3 1.436226642947148e-03 7.264598114232032e+00
17.4 1.436960388303718e-03 7.169052405245410e+00
17.5 1.437382136967128e-03 7.085115812490947e+00
17.6 1.437794162540130e-03 7.001699439600834e+00
17.7 1.438462965639623e-03 6.908121330308346e+00
17.8 1.443101907310786e-03 6.850676681399214e+00
17.9 1.461088658866452e-03 7.276483736633605e+00
18 1.461897381779652e-03 7.180454213471336e+00
18.1 1.462329587025759e-03 7.097227475379747e+00
18.2 1.462725912436486e-03 7.015775643077593e+00
18.3 1.463309077931892e-03 6.926459589563956e+00
18.4 1.465494378471197e-03 6.823022894378320e+00
18.5 1.485743126092623e-03 7.299776882249013e+00
18.6 1.486771006521675e-03 7.200955596804427e+00
18.7 1.487236642597285e-03 7.117422597830603e+00
18.8 1.487619965032287e-03 7.037754204109036e+00
18.9 1.488112511375244e-03 6.953172696266027e+00
19 1.489318859796836e-03 6.852073329490663e+00
19.1 1.509818662285965e-03 7.332863241977596e+00
19.2 1.511550501977646e-03 7.231193310046415e+00
19.3 1.512097945095523e-03 7.145634111920841e+00
19.4 1.512482839590944e-03 7.066976477942926e+00
19.5 1.512903168656991e-03 6.986685516600746e+00
19.6 1.513653724831435e-03 6.895009576091873e+00
19.7 1.524013417107114e-03 7.053028835178651e+00
19.8 1.536139376326867e-03 7.272885634128627e+00
19.9 1.536894744785549e-03 7.182372326332136e+00
20 1.537313797878484e-03 7.103174905766880e+00
20.1 1.537692009933358e-03 7.025950014726330e+00
20.2 1.538211768122145e-03 6.942700311270697e+00
20.3 1.539626625967987e-03 6.843544301433079e+00
20.4 1.560064827012550e-03 7.327211223283212e+00
20.5 1.561570554938519e-03 7.229274554344890e+00
20.6 1.562098416609847e-03 7.146786619963404e+00
20.7 1.562474575748837e-03 7.070672433474756e+00
20.8 1.562879186260248e-03 6.993274807774751e+00
20.9 1.563561044074583e-03 6.906051096399160e+00
21 1.567754692598360e-03 6.849742445320255e+00
21.1 1.585909933147598e-03 7.289985067856512e+00
21.2 1.586791100705488e-03 7.199476824733647e+00
21.3 1.587231396848361e-03 7.121487988225411e+00
21.4 1.587595987785455e-03 7.046962299428356e+00
21.5 1.588040949717486e-03 6.968876688368397e+00
21.6 1.588940633686300e-03 6.878155680112129e+00
21.7 1.606971008335607e-03 7.317441013075435e+00
21.8 1.611232505648251e-03 7.265286850453753e+00
21.9 1.611914554333875e-03 7.180396260867004e+00
22 1.612315870239901e-03 7.105113895075038e+00
22.1 1.612679914659884e-03 7.031604443679353e+00
22.2 1.613162482742990e-03 6.953095713145820e+00
22.3 1.614287002767869e-03 6.860760604804399e+00
22.4 1.634063588373747e-03 7.340579347966961e+00
22.5 1.636372965382666e-03 7.252027543218965e+00
22.6 1.636975866318663e-03 7.170468541472158e+00
22.7 1.637359514076910e-03 7.096956244634598e+00
22.8 1.637723733414145e-03 7.024396687527337e+00
22.9 1.638225454831605e-03 6.946239646493312e+00
23 1.639474396114969e-03 6.854398997812994e+00
23.1 1.659421713193279e-03 7.338406704226888e+00
23.2 1.661406777339327e-03 7.248677580316741e+00
23.3 1.661987658086701e-03 7.168859554388682e+00
23.4 1.662365129844265e-03 7.096566412829917e+00
23.5 1.662725517746403e-03 7.025113265145970e+00
23.6 1.663219152392315e-03 6.948272808100125e+00
23.7 1.664408129796147e-03 6.858289956988313e+00
23.8 1.684122314034624e-03 7.340283229006395e+00
23.9 1.686350686690590e-03 7.254504227398620e+00
24 1.686953295998887e-03 7.175116651709300e+00
24.1 1.687334049601075e-03 7.103587855903793e+00
24.2 1.687686633531359e-03 7.033392277263621e+00
24.3 1.688147991813142e-03 6.958708966381359e+00
24.4 1.689139288660114e-03 6.871969144474959e+00
24.5 1.707550745630910e-03 7.328278202553378e+00
24.6 1.711189105595214e-03 7.269393170998761e+00
24.7 1.711869533048632e-03 7.189068900850551e+00
24.8 1.712266613349602e-03 7.117731051868278e+00
24.9 1.712611357728591e-03 7.048760633931495e+00
25 1.713028300797044e-03 6.976717587542300e+00
25.1 1.713795157027025e-03 6.894707353941461e+00
25.2 1.720433423578185e-03 6.931347396215858e+00
25.3 1.735853249849347e-03 7.293727021911923e+00
25.4 1.736723499895453e-03 7.210880181042097e+00
25.5 1.737160579314652e-03 7.138842239582418e+00
25.6 1.737504260275260e-03 7.070748765649338e+00
25.7 1.737878345692619e-03 7.001353653397271e+00
25.8 1.738460356851636e-03 6.924751536533837e+00
25.9 1.740328733204383e-03 6.839862361876934e+00
26 1.760068490407288e-03 7.326764164398899e+00
26.1 1.761480308280736e-03 7.241235246562654e+00
26.2 1.762007225275639e-03 7.167051073151119e+00
26.3 1.762366710179710e-03 7.099053684802503e+00
26.4 1.762710416274810e-03 7.031816918096325e+00
26.5 1.763162189779508e-03 6.960266701459268e+00
26.6 1.764098332318479e-03 6.877905927100886e+00
26.7 1.780576312841753e-03 7.282876213718785e+00
26.8 1.786034675486219e-03 7.281583361859103e+00
26.9 1.786782113263829e-03 7.203020899475699e+00
27 1.787192740976843e-03 7.133732472575832e+00
27.1 1.787527722256016e-03 7.067665396356710e+00
27.2 1.787898444403199e-03 7.000087221487687e+00
27.3 1.788475578906593e-03 6.925569333554908e+00
27.4 1.790255620594107e-03 6.843187236673439e+00
27.5 1.809878916430175e-03 7.331048163792067e+00
27.6 1.811415263805883e-03 7.248376044299715e+00
27.7 1.811961411483088e-03 7.175466616431493e+00
27.8 1.812322952954930e-03 7.108988053740660e+00
27.9 1.812655390706724e-03 7.043836610156124e+00
28 1.813066601301796e-03 6.975482324692377e+00
28.1 1.813813295062562e-03 6.898179296584757e+00
28.2 1.818479262057215e-03 6.877996939522719e+00
28.3 1.835631107455816e-03 7.305725827288072e+00
28.4 1.836612848749963e-03 7.226032239519940e+00
28.5 1.837073037391586e-03 7.156633538437656e+00
28.6 1.837412494353705e-03 7.091891263585255e+00
28.7 1.837750396282786e-03 7.027272583412247e+00
28.8 1.838202791808287e-03 6.958286103037446e+00
28.9 1.839136992903310e-03 6.879367219099474e+00
29 1.854247684995213e-03 7.242951395768335e+00
29.1 1.860926382672210e-03 7.288943623836948e+00
29.2 1.861716827044488e-03 7.212698474989197e+00
29.3 1.862136885254035e-03 7.145500981082950e+00
29.4 1.862466109042913e-03 7.081961746494060e+00
29.5 1.862809098035075e-03 7.017879010307109e+00
29.6 1.863289605113469e-03 6.948817440077051e+00
29.7 1.864364455821767e-03 6.869832202980000e+00
29.8 1.882133075148253e-03 7.320288300834866e+00
29.9 1.886035065200838e-03 7.281453031903267e+00
30 1.886757109547717e-03 7.207317266494073e+00
30.1 1.887160930153296e-03 7.141485102668282e+00
30.2 1.887485160416274e-03 7.078891433940321e+00
30.3 1.887827965727076e-03 7.015551973435826e+00
30.4 1.888312876459679e-03 6.947179580035332e+00
30.5 1.889406936525583e-03 6.869220162251214e+00
30.6 1.907157584887350e-03 7.320669486720921e+00
30.7 1.911018667452088e-03 7.282576709442772e+00
30.8 1.911743734462209e-03 7.209320438425225e+00
30.9 1.912148179945184e-03 7.144219625977339e+00
31 1.912470451549715e-03 7.082412881404542e+00
31.1 1.912806512956182e-03 7.020068776044628e+00
31.2 1.913270236485938e-03 6.953142975171128e+00
31.3 1.914252071536608e-03 6.877013881871308e+00
31.4 1.929675515850998e-03 7.256552017038711e+00
31.5 1.935875819632425e-03 7.291952597067760e+00
31.6 1.936676100973552e-03 7.218467559035588e+00
31.7 1.937098754437246e-03 7.153474455151623e+00
31.8 1.937423068527682e-03 7.092259640796937e+00
31.9 1.937747973694598e-03 7.031072899708711e+00
32 1.938172559102912e-03 6.966166336791288e+00
32.1 1.938975831238199e-03 6.892917509018794e+00
32.2 1.944581261335262e-03 6.912774915972964e+00
32.3 1.960542454877997e-03 7.309368787000716e+00
32.4 1.961542561456323e-03 7.234818480589956e+00
32.5 1.962009497134060e-03 7.169161060640622e+00
32.6 1.962343743529511e-03 7.108194273885015e+00
32.7 1.962657673599997e-03 7.048135617994206e+00
32.8 1.963037213108657e-03 6.985515645554724e+00
32.9 1.963664933679592e-03 6.916076687883842e+00
33 1.965763860374229e-03 6.847103767055073e+00
33.1 1.984755773185452e-03 7.332452705235637e+00
33.2 1.986310283624109e-03 7.258793182325043e+00
33.3 1.986871162356824e-03 7.191406885614791e+00
33.4 1.987231025125296e-03 7.130086594040085e+00
33.5 1.987540219826263e-03 7.070864378013149e+00
33.6 1.987879657036840e-03 7.010439653830899e+00
33.7 1.988367719498417e-03 6.945106470739659e+00
33.8 1.989459179413650e-03 6.871489488802529e+00
33.9 2.006212037526121e-03 7.299445181224483e+00
34 2.010884783012375e-03 7.291138642478913e+00
34.1 2.011660704827239e-03 7.220702618021722e+00
34.2 2.012078034209235e-03 7.158035329972822e+00
34.3 2.012396610173450e-03 7.099031216395567e+00
34.4 2.012708700253334e-03 7.040349719758524e+00
34.5 2.013098489725081e-03 6.978750668875906e+00
34.6 2.013765188498116e-03 6.910251161133150e+00
34.7 2.016217479544023e-03 6.849552633270524e+00
34.8 2.034871191289824e-03 7.329967192549645e+00
34.9 2.036317008957429e-03 7.258118461054281e+00
35 2.036865737300150e-03 7.192549851156741e+00
35.1 2.037221064915841e-03 7.132716289781813e+00
35.2 2.037525165216853e-03 7.074965217706890e+00
35.3 2.037853868223604e-03 7.016253847510817e+00
35.4 2.038311165651476e-03 6.953235865652194e+00
35.5 2.039248199295878e-03 6.882410072456953e+00
35.6 2.050090242210530e-03 7.102717621155593e+00
35.7 2.060627446123767e-03 7.304958711499125e+00
35.8 2.061543565873820e-03 7.234838249794358e+00
35.9 2.061995081601439e-03 7.172499422964714e+00
36 2.062320895942024e-03 7.114438950144340e+00
36.1 2.062622204066022e-03 7.057427938539472e+00
36.2 2.062971988452582e-03 6.998550449861394e+00
36.3 2.063502157939826e-03 6.934365613127391e+00
36.4 2.064802731120048e-03 6.863767253453638e+00
36.5 2.082714685542884e-03 7.329182572730086e+00
36.6 2.085945182532278e-03 7.287007537395159e+00
36.7 2.086669483576864e-03 7.219783914839806e+00
36.8 2.087074033683424e-03 7.159532831512162e+00
36.9 2.087385369045279e-03 7.102664309374158e+00
37 2.087687659247168e-03 7.046215495353682e+00
37.1 2.088055008748562e-03 6.987343318812856e+00
37.2 2.088644926742721e-03 6.922615454894114e+00
37.3 2.090320384697386e-03 6.855296829507004e+00
37.4 2.108907275615949e-03 7.338338142587570e+00
37.5 2.111084657330984e-03 7.277215695598701e+00
37.6 2.111730279020500e-03 7.211973065337142e+00
37.7 2.112113070177059e-03 7.153062370255397e+00
37.8 2.112417366724948e-03 7.097069156484322e+00
37.9 2.112719825284349e-03 7.041199592604743e+00
38 2.113094825572793e-03 6.982691354603913e+00
38.1 2.113711134342884e-03 6.918213879857016e+00
38.2 2.115570212193211e-03 6.853990239141321e+00
38.3 2.134138199915214e-03 7.337707210113004e+00
38.4 2.136112761245601e-03 7.275017125669587e+00
38.5 2.136739335902627e-03 7.210838084977579e+00
38.6 2.137116540155985e-03 7.152725255716744e+00
38.7 2.137418062653687e-03 7.097414756416232e+00
38.8 2.137717806184208e-03 7.042224336234714e+00
38.9 2.138087533463545e-03 6.984501486418261e+00
39 2.138686665994902e-03 6.921063204695565e+00
39.1 2.140397624521629e-03 6.856368674804466e+00
39.2 2.158815929818113e-03 7.337913009833380e+00
39.3 2.161043246839493e-03 7.280023218442287e+00
39.4 2.161699683025908e-03 7.216085645423266e+00
39.5 2.162085608367090e-03 7.158290836804703e+00
39.6 2.162388226306805e-03 7.103490218678978e+00
39.7 2.162682640125973e-03 7.049066205477327e+00
39.8 2.163035603288000e-03 6.992498410181066e+00
39.9 2.163581207144687e-03 6.930792034560525e+00
40 2.164935777926903e-03 6.864488930665277e+00
40.1 2.182476834419084e-03 7.324935632655875e+00
40.2 2.185855898511557e-03 7.292084333772674e+00
40.3 2.186606228799953e-03 7.227644401495871e+00
40.4 2.187018764705674e-03 7.169638065788428e+00
40.5 2.187328277911044e-03 7.115109010740586e+00
40.6 2.187617000564003e-03 7.061447697475185e+00
40.7 2.187946634265970e-03 7.006262380793345e+00
40.8 2.188420989668462e-03 6.946800810133296e+00
40.9 2.189413033578406e-03 6.881062700951476e+00
41 2.200018552420824e-03 7.102196120833526e+00
41.1 2.210471429492561e-03 7.310945560758085e+00
41.2 2.211442181015281e-03 7.245678515483613e+00
41.3 2.211910543679861e-03 7.186784619941770e+00
41.4 2.212237342216546e-03 7.132146038611075e+00
41.5 2.212523788920796e-03 7.079091084486765e+00
41.6 2.212829790901860e-03 7.025314241206417e+00
41.7 2.213233320415755e-03 6.968332638838986e+00
41.8 2.213946501619093e-03 6.905378463017268e+00
41.9 2.216614419727992e-03 6.859683239557215e+00
42 2.234588478969984e-03 7.333204166756149e+00
42.1 2.236164621587209e-03 7.270616130874766e+00
42.2 2.236747635046536e-03 7.209962621352512e+00
42.3 2.237111267161595e-03 7.154608305853034e+00
42.4 2.237404169120581e-03 7.101797589663119e+00
42.5 2.237692232157429e-03 7.049222755921690e+00
42.6 2.238036731507553e-03 6.994630778316186e+00
42.7 2.238558735443606e-03 6.935375623384628e+00
42.8 2.239763811225182e-03 6.871369007458650e+00
42.9 2.255504304889374e-03 7.280337216934763e+00
43 2.260647816867677e-03 7.302803562367718e+00
43.1 2.261498309828149e-03 7.239738830173133e+00
43.2 2.261938773095416e-03 7.182741776467480e+00
43.3 2.262255199743297e-03 7.129544232432736e+00
43.4 2.262536732153199e-03 7.077712648091314e+00
43.5 2.262839309261036e-03 7.025112331306306e+00
43.6 2.263237414103029e-03 6.969433976176471e+00
43.7 2.263930268965355e-03 6.908143872590466e+00
43.8 2.266313938673611e-03 6.859239139454353e+00
43.9 2.284303396668776e-03 7.335641684071668e+00
44 2.286076468268975e-03 7.277071886531731e+00
44.1 2.286692214522752e-03 7.217190252760838e+00
44.2 2.287066113347985e-03 7.162606615107614e+00
44.3 2.287359943425622e-03 7.110768501378993e+00
44.4 2.287640502318319e-03 7.059487633424027e+00
44.5 2.287962942744884e-03 7.006698634461577e+00
44.6 2.288421695470000e-03 6.950035743248497e+00
44.7 2.289335067046210e-03 6.887813036891759e+00
44.8 2.295450755013157e-03 6.949184150643302e+00
44.9 2.310147027216787e-03 7.321310361825111e+00
45 2.311297613347724e-03 7.259184619035102e+00
45.1 2.311809491920449e-03 7.201739279688095e+00
45.2 2.312149371829355e-03 7.148756668144331e+00
45.3 2.312432282170690e-03 7.097838847299565e+00
45.4 2.312715559387165e-03 7.046950196117002e+00
45.5 2.313056599660981e-03 6.994060358561772e+00
45.6 2.313570492861319e-03 6.936809215113898e+00
45.7 2.314717798832490e-03 6.875255364228953e+00
45.8 2.328579774078073e-03 7.222725925857445e+00
45.9 2.335482076307285e-03 7.309645648301286e+00
46 2.336411827165133e-03 7.248437000884532e+00
46.1 2.336874435686741e-03 7.192619009514559e+00
46.2 2.337197045936818e-03 7.140720056409832e+00
46.3 2.337474559474776e-03 7.090495484881717e+00
46.4 2.337759994922550e-03 7.040010251177744e+00
46.5 2.338112529690871e-03 6.987274301106850e+00
46.6 2.338660719081752e-03 6.929994271709994e+00
46.7 2.339970193943700e-03 6.869977639353075e+00
46.8 2.355941211604765e-03 7.291445810642220e+00
46.9 2.360600229464719e-03 7.304365861111828e+00
47 2.361453600910326e-03 7.244195691347648e+00
47.1 2.361897310118268e-03 7.189365119281323e+00
47.2 2.362212879132172e-03 7.138196161766345e+00
47.3 2.362487547445620e-03 7.088550592596720e+00
47.4 2.362772192846154e-03 7.038568029506647e+00
47.5 2.363125341139852e-03 6.986319972484340e+00
47.6 2.363675556988757e-03 6.929601358547276e+00
47.7 2.364987571462106e-03 6.870463458092104e+00
47.8 2.380770978943342e-03 7.286996530189954e+00
47.9 2.385568587122237e-03 7.305612201104260e+00
48 2.386434172493640e-03 7.246084354687651e+00
48.1 2.386881789330580e-03 7.191702160010428e+00
48.2 2.387198352394088e-03 7.140976690158682e+00
48.3 2.387471808096745e-03 7.091832818952311e+00
48.4 2.387752194767096e-03 7.042468307711081e+00
48.5 2.388094653375906e-03 6.991037597305962e+00
48.6 2.388614136960870e-03 6.935427301442393e+00
48.7 2.389770086617324e-03 6.876344185239503e+00
48.8 2.402833252425566e-03 7.198696552532862e+00
48.9 2.410379018353449e-03 7.313053637961149e+00
49 2.411351433659754e-03 7.253946996064027e+00
49.1 2.411827135121611e-03 7.199493987096599e+00
49.2 2.412153451619545e-03 7.148917067531131e+00
49.3 2.412428059914211e-03 7.100172296104226e+00
49.4 2.412701938518160e-03 7.051495707280676e+00
49.5 2.413025324733791e-03 7.001136038660082e+00
49.6 2.413491816510946e-03 6.947093252974425e+00
49.7 2.414420039804084e-03 6.888524518492630e+00
49.8 2.420014627044342e-03 6.939022364931628e+00
49.9 2.434937671754935e-03 7.325535374063279e+00
50 2.436188585158381e-03 7.267816668653566e+00
50.1 2.436727707796014e-03 7.212741588828420e+00
50.2 2.437076320157241e-03 7.161944404928647e+00
50.3 2.437356741030861e-03 7.113417340242801e+00
50.4 2.437624426020797e-03 7.065403467455543e+00
50.5 2.437925238896574e-03 7.016239154463435e+00
50.6 2.438331038464627e-03 6.964071605878392e+00
50.7 2.439042051985898e-03 6.907209258979520e+00
50.8 2.441386492844290e-03 6.865344748583320e+00
50.9 2.458850526821422e-03 7.335540229599625e+00
51 2.460899677992836e-03 7.287829258889063e+00
51.1 2.461569512456205e-03 7.231616611127791e+00
51.2 2.461961766707913e-03 7.180095784771764e+00
51.3 2.462256891224748e-03 7.131476041934835e+00
51.4 2.462522240411172e-03 7.083965588327239e+00
51.5 2.462802181070744e-03 7.035957395393112e+00
51.6 2.463151440160517e-03 6.985758463088457e+00
51.7 2.463690843480348e-03 6.931489062470563e+00
51.8 2.464920824700002e-03 6.875118486075713e+00
51.9 2.478606022569807e-03 7.223713692263449e+00
52 2.485349944394293e-03 7.313504376350111e+00
52.1 2.486319964625710e-03 7.256506363932257e+00
52.2 2.486797792238012e-03 7.203586019724490e+00
52.3 2.487124253147704e-03 7.154379403378773e+00
52.4 2.487395816255796e-03 7.107043454353997e+00
52.5 2.487661308094154e-03 7.059970000645045e+00
52.6 2.487965157611349e-03 7.011596104010694e+00
52.7 2.488381447197620e-03 6.960170710633423e+00
52.8 2.489123918750702e-03 6.904315244299769e+00
52.9 2.491691349144925e-03 6.869242810939998e+00
53 2.508930939946532e-03 7.335113910699825e+00
53.1 2.510893352931382e-03 7.287885042697410e+00
53.2 2.511556912240161e-03 7.232902869100408e+00
53.3 2.511947761592911e-03 7.182369526330444e+00
53.4 2.512241378677407e-03 7.134664423216227e+00
53.5 2.512503537856968e-03 7.088106374808848e+00
53.6 2.512776577327073e-03 7.041189872225429e+00
53.7 2.513110117277764e-03 6.992351318610964e+00
53.8 2.513606322830891e-03 6.939846207552087e+00
53.9 2.514637275503337e-03 6.884128684410609e+00
54 2.522100225255753e-03 7.007003922964937e+00
54.1 2.534975595872386e-03 7.323839206756602e+00
54.2 2.536168833988207e-03 7.268849857660142e+00
54.3 2.536701278718011e-03 7.216022828624400e+00
54.4 2.537047482927489e-03 7.167121399602744e+00
54.5 2.537324060141499e-03 7.120427936206175e+00
54.6 2.537583432623328e-03 7.074390647363687e+00
54.7 2.537866131984679e-03 7.027561414579437e+00
54.8 2.538228732358701e-03 6.978373938027522e+00
54.9 2.538805467711157e-03 6.925207339304254e+00
55 2.540195218576784e-03 6.872424078903064e+00
55.1 2.555235235185570e-03 7.272046695589799e+00
55.2 2.560392607058758e-03 7.311368017338932e+00
55.3 2.561317739691362e-03 7.256371811407356e+00
55.4 2.561786557826559e-03 7.205115449310749e+00
55.5 2.562109186718401e-03 7.157330046476211e+00
55.6 2.562376881352749e-03 7.111361636143029e+00
55.7 2.562635778684656e-03 7.065747449938645e+00
55.8 2.562926123703710e-03 7.019080157079664e+00
55.9 2.563310196494471e-03 6.969809880828883e+00
56 2.563948691458898e-03 6.916513308656491e+00
56.1 2.565670250501351e-03 6.868569559768203e+00
56.2 2.582210028619978e-03 7.317727349613209e+00
56.3 2.585568282365927e-03 7.304118262738241e+00
56.4 2.586387128663838e-03 7.249928622076900e+00
56.5 2.586827070229099e-03 7.199701653293950e+00
56.6 2.587138480400208e-03 7.152673561200054e+00
56.7 2.587401717151579e-03 7.107262121026372e+00
56.8 2.587659949216646e-03 7.062066853061208e+00
56.9 2.587953025987600e-03 7.015720487484103e+00
57 2.588345183169964e-03 6.966711533921293e+00
57.1 2.589006871494188e-03 6.913762459216490e+00
57.2 2.590858629431988e-03 6.868676991646955e+00
57.3 2.607535452274825e-03 7.322899701654064e+00
57.4 2.610596484690518e-03 7.302671644886052e+00
57.5 2.611394367385492e-03 7.249141709047303e+00
57.6 2.611828762016721e-03 7.199485980043931e+00
57.7 2.612137807156704e-03 7.152937805150754e+00
57.8 2.612399418984568e-03 7.107970733203226e+00
57.9 2.612655724671438e-03 7.063228824134236e+00
58 2.612945418890626e-03 7.017389691454825e+00
58.1 2.613329926065975e-03 6.968997404255879e+00
58.2 2.613968006530676e-03 6.916786356147570e+00
58.3 2.615660836913435e-03 6.870093248501312e+00
58.4 2.631859526998604e-03 7.310783970383706e+00
58.5 2.635493231130192e-03 7.306880830262720e+00
58.6 2.636342584983767e-03 7.253805778297740e+00
58.7 2.636792726578751e-03 7.204303084093773e+00
58.8 2.637107744311209e-03 7.157978061324481e+00
58.9 2.637370498114416e-03 7.113347622939038e+00
59 2.637623843517507e-03 7.069084907275155e+00
59.1 2.637904745919021e-03 7.023915416351355e+00
59.2 2.638267992852706e-03 6.976452615602383e+00
59.3 2.638844852643663e-03 6.925360471469507e+00
59.4 2.640202535038906e-03 6.875292054114235e+00
59.5 2.654006514086395e-03 7.236087077153663e+00
59.6 2.660221506424479e-03 7.316249154310731e+00
59.7 2.661223155518928e-03 7.263865848147450e+00
59.8 2.661715763033977e-03 7.214100508982093e+00
59.9 2.662047145581184e-03 7.167711804305947e+00
60 2.662315097618020e-03 7.123272007885335e+00
